,mean_RD,covered_monday,covered_tuesday,covered_wednesday,covered_thursday,covered_friday,covered_saturday,covered_sunday,mean_SQ,skill_coverage,quantity_of_fav_rotas,size
0,23.5,7.0,6.0,7.0,7.0,6.0,7.0,7.0,2.5,4,3,4
1,12.666666666666666,5.0,5.0,7.0,5.0,5.0,7.0,5.0,2.0,4,0,4
2,20.0,7.0,7.0,7.0,7.0,7.0,7.0,7.0,2.5,4,2,4
3,7.833333333333333,5.0,5.0,6.0,5.0,5.0,6.0,5.0,1.5,2,0,4
4,12.833333333333334,7.0,6.0,6.0,7.0,6.0,6.0,7.0,2.25,4,4,4
5,13.0,7.0,6.0,7.0,7.0,6.0,7.0,7.0,1.75,3,4,4
6,14.333333333333334,6.0,6.0,6.0,6.0,6.0,6.0,6.0,2.25,4,2,4
7,17.666666666666668,6.0,6.0,7.0,6.0,6.0,7.0,6.0,2.25,4,3,4
8,17.166666666666668,6.0,7.0,7.0,6.0,7.0,7.0,6.0,1.25,3,2,4
9,16.333333333333332,7.0,6.0,6.0,7.0,6.0,6.0,7.0,2.0,4,2,4
10,15.0,7.0,6.0,6.0,7.0,6.0,6.0,7.0,2.5,4,3,4
11,21.666666666666668,7.0,7.0,7.0,7.0,7.0,6.0,7.0,1.75,3,3,4
12,10.0,6.0,5.0,6.0,5.0,6.0,5.0,6.0,2.25,4,3,4
13,21.666666666666668,7.0,7.0,7.0,6.0,7.0,6.0,7.0,2.0,3,2,4
14,17.0,7.0,7.0,6.0,7.0,7.0,6.0,7.0,2.0,4,2,4
15,14.333333333333334,5.0,6.0,6.0,5.0,6.0,6.0,5.0,2.75,4,2,4
16,15.333333333333334,6.0,6.0,7.0,6.0,6.0,7.0,6.0,2.25,4,3,4
17,9.333333333333334,6.0,6.0,6.0,6.0,6.0,6.0,6.0,2.25,4,3,4
18,16.666666666666668,7.0,6.0,7.0,7.0,6.0,7.0,7.0,1.75,3,3,4
19,11.666666666666666,6.0,5.0,6.0,6.0,5.0,6.0,6.0,2.25,4,2,4
20,20.333333333333332,7.0,7.0,7.0,7.0,7.0,7.0,7.0,1.25,2,4,4
21,11.833333333333334,6.0,6.0,5.0,6.0,6.0,5.0,6.0,2.0,3,1,4
22,17.166666666666668,6.0,6.0,7.0,6.0,7.0,6.0,6.0,2.25,4,1,4
23,12.666666666666666,5.0,6.0,7.0,5.0,6.0,7.0,5.0,1.75,3,1,4
24,15.5,6.0,7.0,6.0,6.0,7.0,6.0,6.0,2.0,4,1,4
25,17.666666666666668,6.0,6.0,7.0,6.0,6.0,7.0,6.0,2.25,4,3,4
26,16.666666666666668,6.0,7.0,6.0,6.0,7.0,5.0,6.0,1.25,2,2,4
27,14.166666666666666,6.0,6.0,6.0,6.0,6.0,6.0,6.0,2.5,4,1,4
28,21.333333333333332,7.0,7.0,7.0,7.0,7.0,7.0,7.0,2.5,4,2,4
29,16.666666666666668,6.0,6.0,6.0,6.0,6.0,6.0,6.0,2.0,3,2,4
30,11.666666666666666,5.0,5.0,6.0,5.0,5.0,6.0,5.0,1.5,2,2,4
31,17.666666666666668,7.0,7.0,7.0,7.0,7.0,7.0,7.0,1.5,2,4,4
32,22.0,6.0,6.0,7.0,6.0,6.0,7.0,6.0,3.5,4,3,4
33,13.833333333333334,6.0,7.0,6.0,6.0,7.0,6.0,6.0,1.5,3,2,4
34,14.666666666666666,6.0,6.0,6.0,6.0,6.0,6.0,6.0,1.5,3,2,4
35,16.333333333333332,7.0,6.0,6.0,7.0,6.0,6.0,7.0,2.0,3,2,4
36,17.833333333333332,6.0,7.0,6.0,6.0,7.0,6.0,6.0,1.5,3,2,4
37,22.666666666666668,7.0,7.0,7.0,7.0,7.0,7.0,7.0,1.75,3,3,4
38,15.0,6.0,6.0,6.0,6.0,6.0,6.0,6.0,1.5,2,2,4
39,5.0,6.0,5.0,6.0,6.0,5.0,6.0,6.0,2.25,4,2,4
40,15.0,6.0,7.0,6.0,6.0,7.0,6.0,6.0,1.0,1,1,4
41,23.0,7.0,7.0,7.0,7.0,7.0,7.0,7.0,2.5,4,3,4
42,14.166666666666666,6.0,6.0,7.0,6.0,6.0,7.0,6.0,1.75,3,2,4
43,11.166666666666666,6.0,6.0,6.0,6.0,6.0,6.0,6.0,2.0,4,2,4
44,13.333333333333334,6.0,6.0,7.0,6.0,6.0,7.0,6.0,1.25,3,2,4
45,21.666666666666668,7.0,7.0,7.0,7.0,7.0,7.0,7.0,2.25,4,1,4
46,19.5,6.0,7.0,7.0,6.0,7.0,7.0,6.0,2.75,4,3,4
47,18.333333333333332,7.0,7.0,7.0,7.0,7.0,7.0,7.0,2.0,3,4,4
48,13.0,6.0,6.0,7.0,6.0,6.0,6.0,6.0,1.75,4,3,4
49,14.0,6.0,6.0,6.0,6.0,6.0,6.0,6.0,2.0,4,2,4
50,21.333333333333332,7.0,7.0,7.0,7.0,7.0,7.0,7.0,2.25,4,4,4
51,15.833333333333334,5.0,7.0,6.0,6.0,7.0,6.0,5.0,1.75,4,1,4
52,14.833333333333334,6.0,6.0,7.0,6.0,6.0,7.0,6.0,2.0,3,3,4
53,21.5,6.0,7.0,7.0,7.0,7.0,7.0,6.0,1.5,3,2,4
54,14.5,6.0,6.0,6.0,6.0,6.0,6.0,6.0,1.75,4,2,4
55,16.5,7.0,7.0,7.0,7.0,7.0,7.0,7.0,1.25,2,3,4
56,14.0,6.0,6.0,7.0,6.0,6.0,7.0,6.0,2.5,4,3,4
57,22.166666666666668,7.0,7.0,7.0,7.0,7.0,7.0,7.0,2.25,4,2,4
58,14.333333333333334,6.0,5.0,7.0,6.0,5.0,7.0,6.0,2.25,3,3,4
59,18.5,6.0,6.0,7.0,6.0,6.0,7.0,6.0,2.25,4,3,4
60,11.333333333333334,5.0,6.0,6.0,5.0,6.0,6.0,5.0,2.5,4,4,4
61,13.0,6.0,6.0,6.0,6.0,6.0,6.0,6.0,2.25,3,3,4
62,19.666666666666668,7.0,7.0,7.0,6.0,7.0,7.0,7.0,1.75,4,2,4
63,12.666666666666666,6.0,6.0,6.0,6.0,6.0,6.0,6.0,1.75,3,3,4
64,23.666666666666668,7.0,7.0,7.0,7.0,7.0,7.0,7.0,2.0,4,4,4
65,16.333333333333332,6.0,6.0,7.0,6.0,6.0,7.0,6.0,2.0,3,4,4
66,19.333333333333332,7.0,7.0,7.0,7.0,7.0,7.0,7.0,2.0,3,4,4
67,17.333333333333332,7.0,7.0,7.0,7.0,7.0,7.0,7.0,1.25,2,3,4
68,17.833333333333332,7.0,7.0,7.0,7.0,7.0,7.0,7.0,1.5,3,3,4
69,8.833333333333334,5.0,6.0,5.0,5.0,6.0,5.0,5.0,1.75,3,3,4
70,9.333333333333334,6.0,6.0,6.0,6.0,6.0,6.0,6.0,2.25,4,3,4
71,15.0,7.0,6.0,7.0,7.0,6.0,7.0,7.0,2.25,3,3,4
72,8.333333333333334,6.0,5.0,6.0,6.0,5.0,6.0,6.0,1.75,3,2,4
73,19.333333333333332,7.0,7.0,7.0,7.0,7.0,7.0,7.0,1.75,4,2,4
74,17.333333333333332,7.0,7.0,7.0,7.0,7.0,7.0,7.0,2.0,3,3,4
75,15.0,7.0,6.0,6.0,7.0,6.0,6.0,7.0,2.25,4,1,4
76,12.0,6.0,7.0,5.0,6.0,7.0,5.0,6.0,1.75,2,1,4
77,17.666666666666668,6.0,6.0,7.0,6.0,6.0,7.0,6.0,2.0,4,1,4
78,15.333333333333334,6.0,6.0,7.0,6.0,6.0,7.0,6.0,2.25,4,3,4
79,12.333333333333334,5.0,6.0,6.0,5.0,6.0,6.0,5.0,1.75,4,3,4
80,15.166666666666666,7.0,5.0,7.0,6.0,6.0,6.0,7.0,1.5,3,3,4
81,16.5,6.0,7.0,5.0,6.0,7.0,5.0,6.0,2.0,3,1,4
82,10.333333333333334,6.0,6.0,5.0,6.0,6.0,5.0,6.0,1.5,2,2,4
83,17.833333333333332,6.0,7.0,7.0,6.0,7.0,7.0,6.0,1.25,2,2,4
84,11.833333333333334,6.0,5.0,6.0,6.0,5.0,6.0,6.0,1.75,3,1,4
85,17.833333333333332,6.0,7.0,6.0,6.0,7.0,6.0,6.0,1.75,3,1,4
86,18.0,7.0,6.0,6.0,7.0,6.0,6.0,7.0,1.75,3,1,4
87,15.5,7.0,6.0,7.0,6.0,6.0,7.0,7.0,1.5,2,2,4
88,14.666666666666666,7.0,6.0,7.0,7.0,7.0,6.0,7.0,1.75,3,3,4
89,13.333333333333334,6.0,6.0,6.0,6.0,6.0,6.0,6.0,3.25,4,2,4
90,16.333333333333332,6.0,6.0,7.0,6.0,6.0,7.0,6.0,2.5,4,2,4
91,17.666666666666668,7.0,6.0,6.0,7.0,6.0,6.0,7.0,2.5,3,1,4
92,14.833333333333334,6.0,5.0,7.0,6.0,5.0,7.0,6.0,1.75,3,3,4
93,15.0,7.0,6.0,7.0,7.0,6.0,7.0,7.0,1.5,2,3,4
94,12.0,6.0,6.0,6.0,6.0,6.0,6.0,6.0,1.5,3,2,4
95,14.5,6.0,6.0,6.0,6.0,6.0,6.0,6.0,1.75,4,2,4
96,12.166666666666666,5.0,7.0,7.0,6.0,7.0,7.0,5.0,1.25,4,3,4
97,12.333333333333334,6.0,6.0,6.0,6.0,6.0,6.0,6.0,2.0,3,2,4
98,28.0,7.0,7.0,7.0,7.0,7.0,7.0,7.0,2.5,4,3,4
99,19.166666666666668,6.0,7.0,7.0,7.0,6.0,7.0,6.0,1.75,3,3,4
100,8.833333333333334,6.0,5.0,6.0,6.0,5.0,6.0,6.0,1.75,3,2,4
101,11.0,6.0,6.0,6.0,6.0,6.0,6.0,6.0,2.0,4,2,4
102,17.833333333333332,6.0,6.0,7.0,6.0,6.0,7.0,6.0,1.5,3,2,4
103,17.833333333333332,7.0,6.0,7.0,7.0,6.0,7.0,7.0,2.25,4,2,4
104,14.666666666666666,6.0,5.0,6.0,6.0,5.0,6.0,6.0,2.5,4,2,4
105,22.0,7.0,7.0,7.0,7.0,7.0,7.0,7.0,2.5,4,3,4
106,25.5,7.0,7.0,7.0,7.0,7.0,7.0,7.0,2.25,4,2,4
107,17.5,7.0,6.0,7.0,7.0,7.0,6.0,7.0,2.25,4,2,4
108,15.166666666666666,6.0,6.0,6.0,6.0,6.0,6.0,6.0,1.75,3,2,4
109,15.0,7.0,6.0,6.0,7.0,6.0,6.0,7.0,1.75,3,3,4
110,9.0,6.0,5.0,6.0,6.0,5.0,6.0,6.0,1.75,2,3,4
111,18.333333333333332,7.0,6.0,7.0,7.0,5.0,7.0,7.0,1.5,3,2,4
112,14.666666666666666,6.0,6.0,6.0,6.0,6.0,6.0,6.0,2.0,3,4,4
113,15.333333333333334,7.0,6.0,7.0,7.0,6.0,7.0,7.0,1.75,3,2,4
114,15.666666666666666,7.0,6.0,6.0,7.0,6.0,6.0,7.0,2.0,4,3,4
115,14.666666666666666,6.0,6.0,7.0,6.0,6.0,7.0,6.0,1.5,3,1,4
116,12.0,6.0,6.0,6.0,6.0,6.0,6.0,6.0,1.5,4,4,4
117,17.0,6.0,6.0,6.0,6.0,6.0,6.0,6.0,2.0,4,4,4
118,20.0,7.0,6.0,7.0,6.0,7.0,6.0,7.0,1.75,3,4,4
119,16.833333333333332,6.0,6.0,7.0,6.0,6.0,7.0,6.0,2.25,4,2,4
120,22.666666666666668,7.0,6.0,7.0,7.0,6.0,7.0,7.0,1.75,2,3,4
121,19.166666666666668,6.0,7.0,7.0,6.0,7.0,7.0,6.0,1.75,3,2,4
122,17.666666666666668,7.0,6.0,7.0,7.0,6.0,7.0,7.0,1.75,3,3,4
123,14.333333333333334,6.0,6.0,7.0,6.0,6.0,7.0,6.0,2.5,4,2,4
124,12.166666666666666,6.0,6.0,7.0,7.0,7.0,6.0,6.0,1.75,3,2,4
125,7.166666666666667,6.0,5.0,6.0,6.0,5.0,6.0,6.0,1.75,3,2,4
126,13.333333333333334,7.0,5.0,7.0,7.0,6.0,6.0,7.0,1.75,4,2,4
127,20.0,7.0,7.0,7.0,7.0,7.0,7.0,7.0,1.75,3,2,4
128,9.666666666666666,6.0,5.0,7.0,6.0,6.0,6.0,6.0,1.5,4,0,4
129,14.833333333333334,6.0,7.0,6.0,6.0,7.0,6.0,6.0,2.0,4,2,4
130,17.333333333333332,7.0,6.0,6.0,7.0,6.0,6.0,7.0,1.75,3,1,4
131,21.666666666666668,7.0,7.0,7.0,7.0,7.0,7.0,7.0,2.5,4,4,4
132,16.0,6.0,6.0,6.0,6.0,6.0,6.0,6.0,2.25,4,4,4
133,18.666666666666668,6.0,7.0,7.0,6.0,7.0,7.0,6.0,1.75,2,2,4
134,14.0,7.0,6.0,7.0,6.0,7.0,6.0,7.0,1.25,2,3,4
135,23.5,7.0,7.0,7.0,7.0,7.0,7.0,7.0,2.5,4,1,4
136,12.0,6.0,6.0,6.0,6.0,6.0,6.0,6.0,2.5,4,3,4
137,19.666666666666668,7.0,7.0,6.0,7.0,7.0,6.0,7.0,2.25,4,2,4
138,24.333333333333332,7.0,6.0,7.0,7.0,6.0,7.0,7.0,2.75,4,4,4
139,18.333333333333332,6.0,6.0,7.0,6.0,6.0,7.0,6.0,1.75,3,2,4
140,23.666666666666668,7.0,7.0,7.0,7.0,7.0,7.0,7.0,1.5,3,1,4
141,8.833333333333334,5.0,6.0,5.0,5.0,6.0,5.0,5.0,1.75,3,2,4
142,10.0,6.0,6.0,7.0,6.0,6.0,7.0,6.0,1.75,3,4,4
143,13.333333333333334,6.0,6.0,6.0,6.0,6.0,6.0,6.0,2.75,4,3,4
144,9.333333333333334,5.0,5.0,6.0,5.0,5.0,6.0,5.0,2.0,2,3,4
145,15.333333333333334,7.0,5.0,6.0,7.0,5.0,6.0,7.0,1.75,3,2,4
146,14.333333333333334,6.0,6.0,6.0,6.0,6.0,6.0,6.0,2.25,4,2,4
147,14.0,6.0,7.0,6.0,6.0,7.0,6.0,6.0,1.75,4,3,4
148,17.833333333333332,6.0,7.0,7.0,6.0,7.0,7.0,6.0,2.25,4,3,4
149,24.5,6.0,7.0,7.0,7.0,7.0,7.0,6.0,2.0,4,3,4
150,8.0,6.0,6.0,6.0,6.0,6.0,6.0,6.0,1.25,2,2,4
151,24.5,7.0,7.0,7.0,7.0,7.0,7.0,7.0,2.5,4,3,4
152,16.833333333333332,6.0,6.0,7.0,6.0,6.0,7.0,6.0,2.0,3,3,4
153,20.666666666666668,7.0,7.0,7.0,6.0,7.0,7.0,7.0,2.0,4,2,4
154,9.0,6.0,5.0,6.0,6.0,5.0,6.0,6.0,2.25,3,3,4
155,19.333333333333332,7.0,7.0,7.0,7.0,7.0,7.0,7.0,2.0,3,3,4
156,13.333333333333334,6.0,6.0,6.0,6.0,6.0,6.0,6.0,1.75,4,1,4
157,19.833333333333332,7.0,7.0,7.0,7.0,7.0,7.0,7.0,1.75,3,2,4
158,20.5,6.0,7.0,7.0,6.0,7.0,7.0,6.0,2.0,4,3,4
159,16.666666666666668,7.0,6.0,6.0,7.0,6.0,6.0,7.0,1.5,2,0,4
160,11.333333333333334,6.0,6.0,6.0,6.0,6.0,6.0,6.0,1.75,3,4,4
161,17.5,6.0,6.0,7.0,6.0,6.0,7.0,6.0,1.5,3,2,4
162,21.666666666666668,7.0,7.0,7.0,7.0,7.0,7.0,7.0,2.5,3,2,4
163,7.5,5.0,6.0,6.0,5.0,6.0,6.0,5.0,2.0,3,2,4
164,19.333333333333332,7.0,6.0,7.0,7.0,6.0,7.0,7.0,2.25,4,3,4
165,10.666666666666666,5.0,5.0,6.0,5.0,5.0,6.0,5.0,1.75,3,1,4
166,20.0,7.0,7.0,7.0,6.0,7.0,6.0,7.0,1.25,3,2,4
167,10.0,5.0,5.0,6.0,5.0,5.0,6.0,5.0,1.5,3,1,4
168,19.0,7.0,7.0,7.0,7.0,7.0,7.0,7.0,1.75,3,3,4
169,15.833333333333334,6.0,7.0,7.0,6.0,7.0,7.0,6.0,2.25,3,3,4
170,19.666666666666668,7.0,7.0,7.0,7.0,7.0,7.0,7.0,1.5,2,3,4
171,19.833333333333332,7.0,6.0,7.0,7.0,6.0,7.0,7.0,1.5,3,2,4
172,14.833333333333334,6.0,6.0,7.0,6.0,7.0,6.0,6.0,1.75,3,0,4
173,15.333333333333334,7.0,6.0,7.0,7.0,6.0,7.0,7.0,1.75,3,3,4
174,14.833333333333334,6.0,6.0,6.0,6.0,6.0,6.0,6.0,2.25,4,2,4
175,9.333333333333334,5.0,6.0,6.0,5.0,6.0,6.0,5.0,1.75,3,0,4
176,10.0,6.0,6.0,6.0,6.0,6.0,6.0,6.0,2.0,3,3,4
177,18.0,7.0,7.0,6.0,7.0,7.0,6.0,7.0,1.5,4,3,4
178,16.833333333333332,6.0,7.0,6.0,6.0,7.0,6.0,6.0,2.0,3,2,4
179,16.833333333333332,6.0,7.0,6.0,6.0,7.0,6.0,6.0,2.0,4,2,4
180,20.166666666666668,7.0,7.0,7.0,7.0,7.0,7.0,7.0,1.25,2,2,4
181,23.666666666666668,7.0,7.0,7.0,7.0,7.0,7.0,7.0,2.0,4,4,4
182,21.5,6.0,6.0,7.0,6.0,6.0,7.0,6.0,2.5,4,3,4
183,15.0,7.0,6.0,6.0,7.0,6.0,6.0,7.0,1.5,2,2,4
184,21.5,7.0,7.0,7.0,7.0,7.0,7.0,7.0,2.0,4,4,4
185,8.666666666666666,6.0,5.0,6.0,6.0,5.0,6.0,6.0,3.0,4,0,4
186,17.166666666666668,5.0,7.0,7.0,5.0,7.0,7.0,5.0,2.5,4,2,4
187,17.0,7.0,6.0,6.0,7.0,6.0,6.0,7.0,2.25,4,2,4
188,21.166666666666668,6.0,6.0,7.0,6.0,6.0,7.0,6.0,2.5,4,2,4
189,14.333333333333334,6.0,6.0,7.0,6.0,6.0,7.0,6.0,2.25,4,3,4
190,11.833333333333334,7.0,5.0,6.0,7.0,5.0,6.0,7.0,2.0,4,2,4
191,21.166666666666668,7.0,7.0,7.0,7.0,7.0,7.0,7.0,1.5,3,2,4
192,15.166666666666666,6.0,6.0,7.0,6.0,6.0,7.0,6.0,2.5,4,3,4
193,10.333333333333334,7.0,6.0,5.0,7.0,6.0,5.0,7.0,2.25,4,2,4
194,22.166666666666668,7.0,7.0,7.0,7.0,7.0,7.0,7.0,1.25,2,2,4
195,24.0,7.0,7.0,7.0,7.0,7.0,7.0,7.0,2.75,4,2,4
196,14.666666666666666,6.0,6.0,7.0,6.0,6.0,7.0,6.0,2.0,3,3,4
197,21.5,7.0,7.0,7.0,7.0,7.0,7.0,7.0,2.25,4,3,4
198,22.0,7.0,7.0,7.0,7.0,7.0,7.0,7.0,2.0,4,4,4
199,8.333333333333334,5.0,5.0,6.0,5.0,5.0,6.0,5.0,2.25,3,3,4
200,2.0,5.0,5.0,6.0,5.0,5.0,6.0,5.0,2.25,3,4,4
201,12.666666666666666,6.0,6.0,6.0,6.0,6.0,6.0,6.0,2.0,4,2,4
202,22.5,6.0,7.0,7.0,6.0,7.0,7.0,6.0,2.25,4,1,4
203,18.333333333333332,7.0,6.0,7.0,7.0,6.0,7.0,7.0,2.5,3,4,4
204,15.666666666666666,6.0,6.0,7.0,6.0,6.0,7.0,6.0,2.25,4,4,4
205,16.833333333333332,7.0,6.0,7.0,7.0,6.0,7.0,7.0,2.0,4,3,4
206,9.5,6.0,6.0,5.0,6.0,6.0,5.0,6.0,2.25,4,2,4
207,9.0,6.0,5.0,6.0,6.0,5.0,6.0,6.0,2.0,3,1,4
208,9.666666666666666,6.0,6.0,7.0,6.0,6.0,6.0,6.0,2.0,3,4,4
209,13.166666666666666,6.0,6.0,7.0,6.0,7.0,6.0,6.0,1.25,2,1,4
210,18.0,6.0,6.0,6.0,6.0,6.0,6.0,6.0,2.75,4,2,4
211,12.0,6.0,6.0,7.0,6.0,6.0,7.0,6.0,2.0,4,3,4
212,14.166666666666666,6.0,6.0,7.0,6.0,6.0,7.0,6.0,1.75,3,2,4
213,14.833333333333334,6.0,7.0,5.0,6.0,7.0,5.0,6.0,2.5,4,2,4
214,19.333333333333332,6.0,6.0,7.0,6.0,6.0,7.0,6.0,2.5,4,3,4
215,14.5,6.0,5.0,7.0,5.0,6.0,7.0,6.0,1.75,3,0,4
216,9.666666666666666,6.0,6.0,6.0,6.0,6.0,6.0,6.0,2.0,3,4,4
217,20.0,6.0,6.0,7.0,6.0,6.0,7.0,6.0,2.5,4,3,4
218,19.666666666666668,7.0,7.0,6.0,7.0,7.0,6.0,7.0,1.75,3,3,4
219,7.333333333333333,5.0,5.0,7.0,5.0,5.0,7.0,5.0,2.25,4,1,4
220,13.5,6.0,7.0,4.0,6.0,7.0,4.0,6.0,1.5,2,1,4
221,15.0,6.0,6.0,7.0,6.0,6.0,7.0,6.0,2.25,3,2,4
222,9.666666666666666,6.0,6.0,7.0,6.0,6.0,6.0,6.0,2.0,3,4,4
223,14.333333333333334,6.0,6.0,6.0,6.0,6.0,7.0,6.0,1.75,3,4,4
224,3.0,6.0,5.0,5.0,6.0,5.0,5.0,6.0,2.25,4,3,4
225,12.333333333333334,6.0,7.0,6.0,6.0,7.0,6.0,6.0,2.25,4,4,4
226,16.666666666666668,6.0,6.0,7.0,6.0,6.0,6.0,6.0,1.75,2,0,4
227,26.333333333333332,7.0,7.0,7.0,7.0,7.0,7.0,7.0,2.25,4,3,4
228,14.333333333333334,6.0,5.0,7.0,6.0,5.0,7.0,6.0,2.0,4,4,4
229,13.333333333333334,6.0,6.0,7.0,6.0,6.0,7.0,6.0,1.5,4,4,4
230,12.5,6.0,6.0,6.0,6.0,6.0,6.0,6.0,1.25,2,2,4
231,17.0,7.0,5.0,7.0,6.0,6.0,6.0,7.0,1.75,3,3,4
232,14.666666666666666,6.0,6.0,7.0,6.0,6.0,7.0,6.0,2.0,4,1,4
233,17.5,6.0,6.0,7.0,6.0,6.0,7.0,6.0,1.75,4,3,4
234,20.333333333333332,6.0,7.0,7.0,7.0,6.0,7.0,6.0,2.5,4,3,4
235,18.833333333333332,7.0,6.0,6.0,7.0,6.0,6.0,7.0,1.5,2,0,4
236,14.333333333333334,6.0,6.0,6.0,6.0,6.0,6.0,6.0,2.25,4,4,4
237,5.666666666666667,6.0,5.0,6.0,6.0,5.0,6.0,6.0,2.0,3,3,4
238,17.333333333333332,6.0,6.0,7.0,6.0,6.0,7.0,6.0,2.75,4,4,4
239,11.5,6.0,7.0,5.0,6.0,7.0,5.0,6.0,1.5,2,2,4
240,11.5,7.0,6.0,5.0,7.0,6.0,5.0,7.0,1.5,2,3,4
241,11.333333333333334,6.0,6.0,6.0,6.0,6.0,6.0,6.0,2.0,4,2,4
242,19.5,6.0,7.0,7.0,6.0,7.0,7.0,6.0,1.5,3,2,4
243,15.0,6.0,6.0,7.0,6.0,6.0,7.0,6.0,2.5,4,2,4
244,16.166666666666668,6.0,6.0,6.0,6.0,6.0,6.0,6.0,2.5,4,3,4
245,14.666666666666666,6.0,6.0,6.0,6.0,6.0,6.0,6.0,2.25,3,3,4
246,19.5,6.0,7.0,7.0,6.0,7.0,7.0,6.0,2.0,4,1,4
247,20.0,7.0,7.0,7.0,7.0,7.0,7.0,7.0,1.75,3,4,4
248,17.5,6.0,6.0,7.0,6.0,6.0,7.0,6.0,2.0,4,2,4
249,18.0,7.0,6.0,7.0,7.0,6.0,7.0,7.0,1.75,2,4,4
250,8.0,5.0,6.0,6.0,5.0,6.0,6.0,5.0,2.25,4,3,4
251,11.5,6.0,6.0,7.0,6.0,6.0,7.0,6.0,1.5,3,3,4
252,17.333333333333332,6.0,6.0,7.0,6.0,6.0,7.0,6.0,2.0,4,3,4
253,15.0,6.0,6.0,6.0,6.0,6.0,6.0,6.0,1.5,3,2,4
254,16.666666666666668,6.0,5.0,6.0,6.0,5.0,6.0,6.0,2.5,3,2,4
255,17.5,7.0,7.0,7.0,7.0,7.0,7.0,7.0,1.25,2,4,4
256,17.333333333333332,6.0,6.0,7.0,6.0,6.0,7.0,6.0,2.25,4,3,4
257,24.666666666666668,7.0,7.0,7.0,7.0,7.0,7.0,7.0,2.25,4,3,4
258,9.333333333333334,6.0,6.0,6.0,6.0,6.0,6.0,6.0,2.0,4,3,4
259,21.166666666666668,6.0,7.0,7.0,6.0,7.0,7.0,6.0,2.0,3,2,4
260,18.166666666666668,7.0,6.0,7.0,7.0,6.0,7.0,7.0,2.0,4,2,4
261,8.333333333333334,5.0,5.0,6.0,5.0,5.0,6.0,5.0,2.25,3,2,4
262,9.0,6.0,5.0,6.0,6.0,5.0,6.0,6.0,2.75,4,3,4
263,11.333333333333334,6.0,5.0,6.0,6.0,5.0,6.0,6.0,2.25,4,2,4
264,16.0,6.0,6.0,7.0,6.0,6.0,7.0,6.0,2.0,3,2,4
265,13.166666666666666,6.0,6.0,7.0,5.0,6.0,6.0,6.0,1.5,3,2,4
266,20.0,7.0,6.0,7.0,6.0,7.0,6.0,7.0,1.75,3,3,4
267,14.666666666666666,6.0,6.0,6.0,6.0,6.0,6.0,6.0,2.5,4,4,4
268,6.666666666666667,5.0,5.0,6.0,5.0,5.0,6.0,5.0,1.5,2,2,4
269,7.0,6.0,5.0,7.0,6.0,5.0,7.0,6.0,2.0,4,3,4
270,17.0,6.0,6.0,7.0,6.0,6.0,7.0,6.0,2.0,3,3,4
271,15.333333333333334,6.0,6.0,6.0,6.0,6.0,6.0,6.0,2.25,3,4,4
272,17.166666666666668,6.0,7.0,6.0,6.0,7.0,6.0,6.0,2.5,4,2,4
273,19.166666666666668,6.0,7.0,7.0,6.0,7.0,7.0,6.0,2.0,4,3,4
274,16.666666666666668,6.0,6.0,6.0,6.0,6.0,6.0,6.0,3.0,4,3,4
275,15.333333333333334,6.0,6.0,6.0,6.0,6.0,6.0,6.0,2.0,3,2,4
276,12.833333333333334,6.0,6.0,7.0,7.0,6.0,7.0,6.0,1.5,2,1,4
277,12.0,7.0,5.0,6.0,7.0,5.0,6.0,7.0,2.0,2,3,4
278,24.0,7.0,7.0,7.0,7.0,7.0,7.0,7.0,2.0,3,2,4
279,17.333333333333332,6.0,6.0,6.0,6.0,6.0,6.0,6.0,2.0,3,3,4
280,15.666666666666666,6.0,6.0,7.0,7.0,7.0,6.0,6.0,1.0,3,3,4
281,16.0,6.0,6.0,6.0,6.0,6.0,6.0,6.0,2.0,3,3,4
282,10.0,5.0,5.0,6.0,5.0,5.0,6.0,5.0,2.75,4,2,4
283,8.333333333333334,5.0,6.0,6.0,5.0,6.0,6.0,5.0,2.25,4,4,4
284,18.0,6.0,6.0,6.0,6.0,6.0,6.0,6.0,2.5,4,3,4
285,17.333333333333332,6.0,6.0,7.0,6.0,6.0,7.0,6.0,2.5,4,3,4
286,16.833333333333332,6.0,7.0,6.0,6.0,7.0,6.0,6.0,2.25,3,1,4
287,9.0,6.0,5.0,6.0,6.0,5.0,6.0,6.0,2.0,3,4,4
288,17.166666666666668,6.0,6.0,7.0,6.0,6.0,7.0,6.0,1.75,3,3,4
289,13.333333333333334,6.0,6.0,6.0,6.0,6.0,6.0,6.0,2.0,3,2,4
290,15.166666666666666,7.0,6.0,7.0,6.0,7.0,6.0,7.0,1.5,2,2,4
291,8.0,5.0,5.0,5.0,5.0,5.0,5.0,5.0,1.75,3,1,4
292,13.166666666666666,6.0,7.0,6.0,6.0,7.0,6.0,6.0,1.5,3,2,4
293,16.666666666666668,6.0,7.0,6.0,6.0,7.0,6.0,6.0,1.75,4,1,4
294,12.0,6.0,6.0,6.0,6.0,6.0,6.0,6.0,2.5,4,3,4
295,23.333333333333332,7.0,7.0,7.0,7.0,7.0,7.0,7.0,2.0,4,2,4
296,12.0,6.0,5.0,6.0,6.0,5.0,6.0,6.0,2.25,4,0,4
297,18.666666666666668,6.0,7.0,6.0,7.0,6.0,7.0,6.0,1.5,3,3,4
298,8.166666666666666,6.0,6.0,6.0,6.0,6.0,6.0,6.0,1.5,2,2,4
299,15.333333333333334,7.0,7.0,6.0,7.0,7.0,6.0,7.0,1.75,3,2,4
300,21.333333333333332,7.0,7.0,7.0,7.0,7.0,7.0,7.0,2.75,4,2,4
301,15.0,7.0,6.0,6.0,7.0,6.0,6.0,7.0,2.0,3,2,4
302,21.666666666666668,7.0,7.0,7.0,7.0,7.0,7.0,7.0,2.5,4,3,4
303,20.666666666666668,7.0,7.0,7.0,7.0,7.0,7.0,7.0,2.5,4,4,4
304,15.666666666666666,6.0,6.0,7.0,6.0,6.0,7.0,6.0,1.5,2,3,4
305,20.666666666666668,6.0,6.0,7.0,6.0,6.0,7.0,6.0,2.5,4,4,4
306,15.666666666666666,6.0,6.0,7.0,6.0,6.0,7.0,6.0,1.75,3,2,4
307,8.166666666666666,5.0,5.0,6.0,5.0,5.0,6.0,5.0,1.25,3,1,4
308,19.0,7.0,7.0,6.0,7.0,7.0,6.0,7.0,1.75,3,3,4
309,13.5,6.0,6.0,6.0,6.0,6.0,6.0,6.0,2.0,3,2,4
310,16.0,6.0,6.0,6.0,6.0,6.0,6.0,6.0,2.5,4,2,4
311,16.333333333333332,7.0,6.0,7.0,7.0,6.0,7.0,7.0,2.5,4,3,4
312,11.333333333333334,6.0,6.0,6.0,6.0,6.0,6.0,6.0,2.25,4,4,4
313,15.666666666666666,6.0,6.0,7.0,6.0,6.0,7.0,6.0,2.5,4,3,4
314,10.333333333333334,6.0,5.0,6.0,5.0,6.0,6.0,6.0,1.75,4,3,4
315,13.833333333333334,6.0,6.0,6.0,6.0,6.0,6.0,6.0,2.0,3,2,4
316,8.0,6.0,6.0,6.0,6.0,6.0,6.0,6.0,1.5,3,3,4
317,10.0,5.0,6.0,5.0,6.0,5.0,6.0,5.0,1.5,3,3,4
318,15.833333333333334,6.0,7.0,6.0,6.0,7.0,6.0,6.0,1.75,3,1,4
319,16.5,6.0,7.0,7.0,6.0,7.0,7.0,6.0,1.75,3,4,4
320,9.0,6.0,5.0,6.0,6.0,5.0,6.0,6.0,2.0,3,3,4
321,12.833333333333334,6.0,6.0,6.0,6.0,6.0,6.0,6.0,2.25,4,1,4
322,13.333333333333334,6.0,6.0,6.0,6.0,6.0,6.0,6.0,2.0,4,3,4
323,11.0,6.0,6.0,7.0,6.0,6.0,7.0,6.0,2.0,4,3,4
324,21.0,7.0,7.0,7.0,7.0,7.0,7.0,7.0,2.0,4,4,4
325,14.0,5.0,6.0,7.0,5.0,6.0,7.0,5.0,3.0,4,2,4
326,0.0,5.0,5.0,5.0,5.0,5.0,5.0,5.0,2.0,4,2,4
327,10.666666666666666,5.0,5.0,6.0,5.0,5.0,6.0,5.0,2.75,4,3,4
328,13.333333333333334,6.0,6.0,6.0,6.0,6.0,6.0,6.0,2.0,3,0,4
329,16.0,6.0,6.0,6.0,6.0,6.0,6.0,6.0,2.0,4,3,4
330,15.333333333333334,7.0,6.0,7.0,7.0,6.0,7.0,7.0,2.0,3,3,4
331,17.166666666666668,6.0,6.0,7.0,6.0,6.0,7.0,6.0,1.5,2,3,4
332,18.666666666666668,6.0,6.0,7.0,6.0,6.0,7.0,6.0,2.0,3,3,4
333,16.333333333333332,6.0,7.0,6.0,6.0,7.0,6.0,6.0,2.5,4,3,4
334,17.0,7.0,6.0,7.0,7.0,7.0,6.0,7.0,2.25,3,1,4
335,12.833333333333334,6.0,5.0,6.0,6.0,5.0,6.0,6.0,1.75,3,2,4
336,13.5,6.0,7.0,6.0,6.0,7.0,6.0,6.0,1.25,2,2,4
337,13.166666666666666,6.0,5.0,7.0,5.0,6.0,6.0,6.0,1.75,3,2,4
338,17.333333333333332,6.0,6.0,7.0,6.0,6.0,7.0,6.0,2.5,4,3,4
339,12.0,6.0,6.0,6.0,6.0,6.0,6.0,6.0,2.25,4,1,4
340,14.666666666666666,6.0,6.0,7.0,6.0,6.0,7.0,6.0,2.0,4,2,4
341,17.5,6.0,7.0,6.0,6.0,7.0,6.0,6.0,2.5,4,1,4
342,11.333333333333334,6.0,6.0,7.0,6.0,6.0,7.0,6.0,2.75,4,2,4
343,17.666666666666668,6.0,6.0,7.0,6.0,6.0,7.0,6.0,2.5,4,2,4
344,13.333333333333334,6.0,6.0,6.0,6.0,6.0,6.0,6.0,2.5,4,4,4
345,22.166666666666668,6.0,7.0,7.0,6.0,7.0,7.0,6.0,2.75,4,4,4
346,12.666666666666666,6.0,6.0,7.0,6.0,6.0,7.0,6.0,1.75,4,3,4
347,19.333333333333332,7.0,7.0,7.0,7.0,7.0,7.0,7.0,2.0,4,3,4
348,14.166666666666666,6.0,6.0,7.0,6.0,6.0,7.0,6.0,1.25,3,1,4
349,18.333333333333332,6.0,7.0,7.0,6.0,7.0,7.0,6.0,2.0,3,1,4
350,18.0,7.0,7.0,6.0,7.0,7.0,6.0,7.0,1.75,3,4,4
351,22.333333333333332,7.0,7.0,7.0,7.0,7.0,7.0,7.0,2.5,4,4,4
352,18.833333333333332,7.0,7.0,6.0,7.0,7.0,6.0,7.0,2.0,4,2,4
353,20.0,7.0,7.0,7.0,7.0,7.0,7.0,7.0,1.75,3,2,4
354,22.5,7.0,6.0,7.0,7.0,6.0,7.0,7.0,1.75,3,2,4
355,18.333333333333332,7.0,6.0,7.0,7.0,6.0,7.0,7.0,1.5,3,1,4
356,17.5,7.0,7.0,7.0,7.0,7.0,7.0,7.0,1.25,3,3,4
357,15.0,7.0,6.0,6.0,7.0,6.0,6.0,7.0,2.0,3,1,4
358,16.0,6.0,6.0,6.0,6.0,6.0,6.0,6.0,2.0,3,3,4
359,18.333333333333332,7.0,7.0,6.0,7.0,7.0,6.0,7.0,2.0,3,1,4
360,19.333333333333332,7.0,7.0,7.0,7.0,7.0,7.0,7.0,1.75,3,3,4
361,20.0,7.0,7.0,6.0,7.0,7.0,6.0,7.0,1.75,3,3,4
362,16.0,6.0,6.0,7.0,6.0,6.0,7.0,6.0,2.25,4,2,4
363,9.333333333333334,5.0,5.0,5.0,5.0,5.0,5.0,5.0,2.25,4,2,4
364,24.5,7.0,7.0,7.0,7.0,7.0,7.0,7.0,2.25,4,3,4
365,14.666666666666666,6.0,6.0,6.0,6.0,6.0,6.0,6.0,2.0,3,3,4
366,14.833333333333334,6.0,7.0,7.0,6.0,7.0,7.0,6.0,1.5,2,3,4
367,21.666666666666668,7.0,7.0,7.0,7.0,6.0,7.0,7.0,2.0,4,3,4
368,13.833333333333334,6.0,6.0,7.0,6.0,6.0,7.0,6.0,1.5,3,3,4
369,14.166666666666666,5.0,7.0,7.0,5.0,7.0,7.0,5.0,1.75,3,1,4
370,14.666666666666666,6.0,6.0,6.0,6.0,6.0,6.0,6.0,2.25,4,2,4
371,11.5,7.0,6.0,6.0,7.0,6.0,6.0,7.0,1.5,3,3,4
372,12.5,6.0,7.0,5.0,6.0,7.0,5.0,6.0,1.75,3,2,4
373,22.0,7.0,7.0,7.0,7.0,7.0,7.0,7.0,2.25,4,3,4
374,18.166666666666668,7.0,6.0,7.0,6.0,7.0,6.0,7.0,1.25,2,1,4
375,6.0,6.0,5.0,5.0,6.0,5.0,5.0,6.0,2.25,3,2,4
376,11.666666666666666,6.0,6.0,7.0,6.0,6.0,7.0,6.0,1.75,3,4,4
377,17.5,6.0,7.0,7.0,6.0,7.0,7.0,6.0,1.5,3,2,4
378,15.666666666666666,6.0,7.0,6.0,6.0,7.0,6.0,6.0,1.75,3,1,4
379,12.0,6.0,6.0,5.0,6.0,6.0,5.0,6.0,2.0,4,3,4
380,15.333333333333334,6.0,6.0,6.0,6.0,6.0,6.0,6.0,2.0,4,3,4
381,16.833333333333332,7.0,6.0,7.0,7.0,6.0,7.0,7.0,2.0,3,2,4
382,20.0,7.0,7.0,7.0,7.0,7.0,7.0,7.0,2.5,4,4,4
383,6.666666666666667,6.0,5.0,6.0,6.0,5.0,6.0,6.0,2.0,3,0,4
384,22.333333333333332,6.0,6.0,7.0,6.0,6.0,7.0,6.0,2.25,4,3,4
385,13.333333333333334,7.0,5.0,7.0,7.0,6.0,6.0,7.0,1.5,3,2,4
386,5.666666666666667,6.0,5.0,6.0,6.0,5.0,6.0,6.0,1.75,4,2,4
387,10.333333333333334,6.0,5.0,6.0,6.0,5.0,6.0,6.0,2.0,2,3,4
388,8.666666666666666,6.0,6.0,6.0,6.0,6.0,6.0,6.0,1.75,3,4,4
389,23.0,6.0,7.0,7.0,6.0,7.0,7.0,6.0,2.75,4,2,4
390,19.333333333333332,7.0,7.0,7.0,7.0,7.0,7.0,7.0,1.25,2,3,4
391,10.333333333333334,5.0,6.0,6.0,5.0,6.0,6.0,5.0,1.75,4,2,4
392,17.0,7.0,7.0,6.0,7.0,7.0,6.0,7.0,2.0,4,3,4
393,18.333333333333332,7.0,7.0,7.0,7.0,7.0,7.0,7.0,1.75,3,3,4
394,22.333333333333332,7.0,7.0,7.0,7.0,7.0,7.0,7.0,1.75,4,1,4
395,10.5,6.0,6.0,6.0,6.0,6.0,6.0,6.0,1.75,4,4,4
396,11.833333333333334,5.0,6.0,6.0,5.0,6.0,6.0,5.0,2.25,3,1,4
397,9.166666666666666,5.0,5.0,6.0,5.0,5.0,6.0,5.0,2.5,4,2,4
398,10.0,6.0,5.0,6.0,6.0,5.0,6.0,6.0,1.75,3,1,4
399,23.5,7.0,7.0,7.0,7.0,7.0,7.0,7.0,2.5,4,2,4
400,12.166666666666666,6.0,6.0,6.0,5.0,7.0,6.0,6.0,1.5,3,2,4
401,14.666666666666666,6.0,6.0,7.0,6.0,6.0,7.0,6.0,2.75,4,3,4
402,13.5,7.0,6.0,6.0,7.0,6.0,6.0,7.0,2.0,3,1,4
403,15.5,6.0,7.0,7.0,6.0,7.0,7.0,6.0,1.0,2,4,4
404,12.833333333333334,6.0,6.0,6.0,6.0,6.0,6.0,6.0,1.5,3,3,4
405,12.166666666666666,5.0,5.0,6.0,5.0,5.0,6.0,5.0,2.25,4,2,4
406,5.0,6.0,5.0,6.0,6.0,5.0,6.0,6.0,2.5,4,3,4
407,10.666666666666666,6.0,6.0,7.0,6.0,6.0,7.0,6.0,2.25,4,2,4
408,21.666666666666668,7.0,6.0,7.0,7.0,6.0,7.0,7.0,2.75,4,2,4
409,13.333333333333334,6.0,6.0,6.0,6.0,6.0,6.0,6.0,1.75,3,2,4
410,18.666666666666668,6.0,6.0,7.0,6.0,6.0,7.0,6.0,3.0,4,3,4
411,16.333333333333332,6.0,6.0,7.0,6.0,6.0,7.0,6.0,1.25,3,2,4
412,21.333333333333332,7.0,7.0,7.0,7.0,7.0,7.0,7.0,2.0,4,3,4
413,18.666666666666668,6.0,7.0,7.0,6.0,7.0,7.0,6.0,1.0,2,1,4
414,12.0,6.0,6.0,6.0,6.0,6.0,6.0,6.0,2.0,4,3,4
415,17.833333333333332,7.0,6.0,7.0,6.0,7.0,6.0,7.0,1.25,4,2,4
416,14.5,5.0,6.0,6.0,5.0,6.0,6.0,5.0,2.5,4,2,4
417,12.333333333333334,6.0,6.0,5.0,6.0,6.0,5.0,6.0,1.25,2,2,4
418,12.833333333333334,6.0,5.0,6.0,6.0,5.0,6.0,6.0,1.5,4,1,4
419,12.333333333333334,5.0,6.0,6.0,5.0,6.0,6.0,5.0,2.75,4,4,4
420,17.5,6.0,6.0,7.0,6.0,6.0,7.0,6.0,2.0,4,2,4
421,17.166666666666668,6.0,6.0,6.0,6.0,6.0,6.0,6.0,2.0,3,2,4
422,6.0,5.0,5.0,6.0,5.0,5.0,6.0,5.0,2.5,4,3,4
423,10.0,6.0,6.0,5.0,6.0,6.0,5.0,6.0,1.75,2,2,4
424,17.666666666666668,6.0,7.0,6.0,6.0,7.0,6.0,6.0,1.75,3,0,4
425,17.5,7.0,6.0,6.0,7.0,6.0,6.0,7.0,2.75,4,1,4
426,22.833333333333332,7.0,7.0,6.0,7.0,7.0,6.0,7.0,2.75,4,2,4
427,17.833333333333332,6.0,7.0,7.0,6.0,7.0,7.0,6.0,2.0,4,2,4
428,15.0,6.0,6.0,7.0,6.0,6.0,7.0,6.0,2.5,4,3,4
429,15.833333333333334,7.0,6.0,5.0,7.0,6.0,5.0,7.0,1.75,3,2,4
430,22.166666666666668,7.0,7.0,7.0,7.0,7.0,7.0,7.0,2.5,4,3,4
431,12.666666666666666,6.0,6.0,7.0,6.0,6.0,7.0,6.0,1.75,3,3,4
432,22.0,7.0,7.0,7.0,7.0,7.0,7.0,7.0,1.5,3,3,4
433,21.333333333333332,7.0,7.0,7.0,7.0,7.0,7.0,7.0,1.75,2,3,4
434,16.5,7.0,7.0,6.0,7.0,7.0,6.0,7.0,1.75,3,3,4
435,18.666666666666668,6.0,6.0,7.0,6.0,6.0,7.0,6.0,1.75,4,2,4
436,19.333333333333332,6.0,7.0,7.0,6.0,7.0,7.0,6.0,1.25,2,2,4
437,17.333333333333332,6.0,6.0,6.0,6.0,6.0,6.0,6.0,2.5,4,3,4
438,17.333333333333332,6.0,6.0,6.0,6.0,6.0,6.0,6.0,2.75,4,2,4
439,15.833333333333334,6.0,6.0,7.0,5.0,7.0,6.0,6.0,2.0,4,2,4
440,19.666666666666668,7.0,7.0,7.0,7.0,7.0,7.0,7.0,2.0,4,3,4
441,12.333333333333334,6.0,5.0,6.0,6.0,5.0,6.0,6.0,1.75,3,2,4
442,16.0,7.0,7.0,7.0,7.0,7.0,7.0,7.0,2.5,4,4,4
443,21.333333333333332,7.0,7.0,7.0,7.0,7.0,7.0,7.0,2.0,3,3,4
444,14.333333333333334,6.0,6.0,7.0,6.0,6.0,7.0,6.0,1.75,4,2,4
445,10.5,5.0,6.0,6.0,5.0,6.0,6.0,5.0,1.75,3,1,4
446,22.333333333333332,6.0,6.0,7.0,6.0,6.0,7.0,6.0,2.5,4,3,4
447,23.333333333333332,7.0,7.0,7.0,7.0,7.0,7.0,7.0,2.25,4,3,4
448,14.833333333333334,6.0,7.0,6.0,6.0,7.0,6.0,6.0,1.5,3,2,4
449,8.333333333333334,6.0,5.0,6.0,6.0,5.0,6.0,6.0,2.25,4,1,4
450,20.833333333333332,6.0,7.0,7.0,7.0,6.0,7.0,6.0,2.0,4,2,4
451,15.0,6.0,6.0,7.0,6.0,6.0,7.0,6.0,2.0,4,4,4
452,15.0,6.0,6.0,7.0,6.0,6.0,7.0,6.0,1.75,3,3,4
453,6.666666666666667,5.0,5.0,6.0,5.0,5.0,6.0,5.0,2.0,3,2,4
454,12.333333333333334,6.0,5.0,6.0,6.0,5.0,6.0,6.0,2.75,4,3,4
455,18.166666666666668,6.0,6.0,6.0,6.0,6.0,6.0,6.0,2.5,4,2,4
456,18.666666666666668,6.0,6.0,7.0,6.0,6.0,7.0,6.0,2.75,4,3,4
457,11.0,6.0,6.0,7.0,6.0,6.0,7.0,6.0,2.25,3,3,4
458,23.666666666666668,7.0,7.0,7.0,7.0,7.0,7.0,7.0,2.0,4,1,4
459,13.333333333333334,6.0,6.0,6.0,6.0,6.0,6.0,6.0,2.75,4,2,4
460,18.333333333333332,6.0,6.0,7.0,6.0,6.0,7.0,6.0,2.25,4,2,4
461,16.0,7.0,6.0,6.0,7.0,6.0,6.0,7.0,2.25,4,1,4
462,19.333333333333332,7.0,7.0,7.0,7.0,7.0,7.0,7.0,2.25,4,3,4
463,17.166666666666668,6.0,6.0,7.0,6.0,6.0,7.0,6.0,2.5,4,3,4
464,17.333333333333332,6.0,6.0,6.0,6.0,6.0,6.0,6.0,3.0,4,2,4
465,19.833333333333332,7.0,7.0,6.0,7.0,7.0,6.0,7.0,1.5,3,3,4
466,17.333333333333332,7.0,6.0,7.0,6.0,7.0,6.0,7.0,2.0,3,2,4
467,18.333333333333332,7.0,6.0,7.0,7.0,6.0,7.0,7.0,2.25,4,3,4
468,10.333333333333334,7.0,5.0,6.0,7.0,5.0,6.0,7.0,2.5,4,2,4
469,10.833333333333334,5.0,6.0,6.0,5.0,6.0,6.0,5.0,2.5,4,0,4
470,11.333333333333334,6.0,6.0,6.0,6.0,6.0,6.0,6.0,1.5,3,4,4
471,8.833333333333334,5.0,6.0,5.0,5.0,6.0,5.0,5.0,1.5,2,1,4
472,15.333333333333334,6.0,6.0,6.0,6.0,6.0,6.0,6.0,1.75,3,3,4
473,16.833333333333332,6.0,7.0,7.0,6.0,6.0,6.0,6.0,2.0,4,2,4
474,18.333333333333332,7.0,6.0,6.0,7.0,6.0,6.0,7.0,1.75,3,3,4
475,19.333333333333332,7.0,6.0,7.0,7.0,6.0,7.0,7.0,2.0,3,3,4
476,19.333333333333332,7.0,7.0,7.0,7.0,7.0,7.0,7.0,2.0,3,4,4
477,17.333333333333332,6.0,6.0,6.0,6.0,6.0,6.0,6.0,2.5,4,2,4
478,8.0,5.0,5.0,5.0,5.0,5.0,5.0,5.0,2.0,4,1,4
479,14.833333333333334,6.0,6.0,6.0,6.0,6.0,6.0,6.0,2.25,3,3,4
480,18.666666666666668,7.0,7.0,7.0,7.0,7.0,7.0,7.0,1.5,3,4,4
481,14.333333333333334,6.0,6.0,7.0,6.0,6.0,7.0,6.0,1.75,3,4,4
482,9.0,5.0,6.0,6.0,5.0,6.0,6.0,5.0,2.0,3,3,4
483,9.0,6.0,5.0,6.0,6.0,5.0,6.0,6.0,2.0,3,4,4
484,18.666666666666668,7.0,6.0,7.0,7.0,6.0,7.0,7.0,2.0,4,3,4
485,17.0,7.0,7.0,6.0,7.0,7.0,6.0,7.0,2.0,4,2,4
486,19.0,6.0,6.0,7.0,6.0,6.0,7.0,6.0,2.25,4,2,4
487,9.0,6.0,5.0,5.0,6.0,5.0,5.0,6.0,2.25,3,3,4
488,18.333333333333332,6.0,6.0,7.0,6.0,6.0,7.0,6.0,2.25,4,2,4
489,19.333333333333332,7.0,7.0,7.0,7.0,7.0,7.0,7.0,1.75,3,3,4
490,22.166666666666668,7.0,6.0,7.0,7.0,6.0,7.0,7.0,2.0,4,2,4
491,25.166666666666668,7.0,7.0,7.0,7.0,7.0,7.0,7.0,2.25,4,2,4
492,18.833333333333332,6.0,6.0,7.0,6.0,6.0,7.0,6.0,2.75,4,3,4
493,16.666666666666668,6.0,7.0,6.0,7.0,6.0,7.0,6.0,1.5,3,4,4
494,22.333333333333332,7.0,7.0,7.0,7.0,7.0,7.0,7.0,1.25,2,2,4
495,15.333333333333334,7.0,5.0,6.0,7.0,5.0,6.0,7.0,2.0,4,1,4
496,7.5,5.0,6.0,6.0,5.0,6.0,6.0,5.0,1.75,3,2,4
497,12.333333333333334,6.0,5.0,6.0,6.0,5.0,6.0,6.0,1.5,2,1,4
498,18.0,7.0,6.0,7.0,6.0,7.0,6.0,7.0,1.75,4,2,4
499,15.166666666666666,6.0,6.0,7.0,6.0,6.0,7.0,6.0,1.5,3,2,4
500,22.0,7.0,7.0,7.0,7.0,7.0,7.0,7.0,2.0,4,2,4
501,21.666666666666668,7.0,7.0,7.0,7.0,7.0,7.0,7.0,1.75,4,3,4
502,16.333333333333332,6.0,6.0,7.0,6.0,6.0,7.0,6.0,2.25,3,4,4
503,23.5,7.0,7.0,7.0,7.0,7.0,7.0,7.0,2.25,4,4,4
504,14.666666666666666,7.0,5.0,7.0,6.0,6.0,6.0,7.0,1.75,3,3,4
505,21.333333333333332,7.0,7.0,7.0,7.0,7.0,7.0,7.0,1.75,3,4,4
506,21.333333333333332,7.0,6.0,7.0,7.0,6.0,7.0,7.0,2.5,4,4,4
507,22.0,7.0,7.0,7.0,7.0,7.0,7.0,7.0,2.25,4,4,4
508,21.666666666666668,7.0,7.0,7.0,7.0,7.0,7.0,7.0,2.25,4,4,4
509,13.333333333333334,6.0,6.0,6.0,6.0,6.0,6.0,6.0,2.0,4,3,4
510,11.0,7.0,6.0,6.0,7.0,6.0,6.0,7.0,1.5,2,1,4
511,13.0,7.0,6.0,6.0,7.0,6.0,6.0,7.0,2.0,3,1,4
512,22.5,6.0,7.0,7.0,6.0,7.0,7.0,6.0,1.75,3,2,4
513,13.333333333333334,6.0,6.0,6.0,6.0,6.0,6.0,6.0,2.5,4,3,4
514,21.5,7.0,7.0,7.0,7.0,7.0,7.0,7.0,1.0,2,1,4
515,6.0,5.0,5.0,6.0,5.0,5.0,6.0,5.0,1.75,3,3,4
516,6.666666666666667,5.0,5.0,6.0,5.0,5.0,6.0,5.0,2.25,4,1,4
517,17.333333333333332,6.0,6.0,7.0,6.0,6.0,7.0,6.0,1.75,3,3,4
518,14.5,6.0,7.0,6.0,6.0,7.0,6.0,6.0,1.5,2,1,4
519,14.333333333333334,6.0,6.0,6.0,6.0,6.0,6.0,6.0,1.75,2,2,4
520,13.333333333333334,6.0,6.0,6.0,6.0,6.0,6.0,6.0,2.5,4,4,4
521,13.333333333333334,6.0,6.0,7.0,6.0,6.0,7.0,6.0,1.5,3,3,4
522,13.0,6.0,5.0,7.0,6.0,6.0,6.0,6.0,2.0,4,2,4
523,11.5,6.0,6.0,5.0,6.0,6.0,5.0,6.0,2.25,4,1,4
524,12.0,6.0,6.0,6.0,6.0,6.0,6.0,6.0,2.25,4,3,4
525,11.333333333333334,7.0,5.0,7.0,6.0,6.0,6.0,7.0,2.25,4,4,4
526,14.0,7.0,7.0,6.0,7.0,7.0,6.0,7.0,1.75,3,3,4
527,16.333333333333332,6.0,6.0,6.0,6.0,6.0,6.0,6.0,2.25,4,4,4
528,12.0,7.0,5.0,5.0,7.0,5.0,5.0,7.0,2.0,3,1,4
529,12.5,6.0,6.0,7.0,5.0,7.0,6.0,6.0,2.25,4,3,4
530,15.0,6.0,6.0,7.0,6.0,6.0,7.0,6.0,3.0,4,3,4
531,8.666666666666666,6.0,5.0,6.0,6.0,5.0,6.0,6.0,2.5,4,0,4
532,10.833333333333334,5.0,5.0,6.0,5.0,5.0,6.0,5.0,1.75,3,1,4
533,12.0,6.0,6.0,7.0,6.0,6.0,7.0,6.0,1.5,3,3,4
534,18.0,7.0,7.0,7.0,7.0,7.0,7.0,7.0,1.25,2,3,4
535,23.0,7.0,7.0,7.0,7.0,7.0,7.0,7.0,2.0,4,2,4
536,14.833333333333334,6.0,6.0,7.0,6.0,6.0,7.0,6.0,2.25,3,3,4
537,16.0,6.0,6.0,6.0,6.0,6.0,6.0,6.0,2.25,4,4,4
538,17.333333333333332,7.0,7.0,5.0,7.0,7.0,5.0,7.0,1.5,2,2,4
539,7.5,5.0,6.0,6.0,5.0,6.0,6.0,5.0,2.75,4,3,4
540,15.166666666666666,6.0,6.0,6.0,6.0,6.0,6.0,6.0,1.5,4,0,4
541,13.5,6.0,6.0,7.0,6.0,6.0,7.0,6.0,1.75,3,3,4
542,19.166666666666668,7.0,7.0,6.0,7.0,7.0,5.0,7.0,1.25,2,1,4
543,18.166666666666668,5.0,6.0,7.0,5.0,6.0,7.0,5.0,2.0,3,3,4
544,13.333333333333334,6.0,6.0,6.0,6.0,6.0,6.0,6.0,2.5,4,3,4
545,25.166666666666668,7.0,7.0,7.0,7.0,7.0,7.0,7.0,2.5,4,2,4
546,12.333333333333334,6.0,5.0,6.0,6.0,5.0,6.0,6.0,1.75,3,2,4
547,13.5,5.0,7.0,6.0,5.0,7.0,6.0,5.0,2.25,4,2,4
548,21.0,7.0,7.0,7.0,7.0,7.0,7.0,7.0,2.25,4,4,4
549,16.333333333333332,7.0,6.0,7.0,7.0,6.0,7.0,7.0,2.0,3,4,4
550,16.333333333333332,7.0,6.0,7.0,7.0,6.0,7.0,7.0,1.75,3,3,4
551,8.833333333333334,5.0,5.0,7.0,5.0,5.0,7.0,5.0,2.0,3,1,4
552,15.333333333333334,6.0,6.0,6.0,6.0,6.0,6.0,6.0,2.75,4,3,4
553,17.5,6.0,7.0,7.0,6.0,7.0,7.0,6.0,2.25,4,3,4
554,8.833333333333334,6.0,5.0,6.0,6.0,5.0,6.0,6.0,2.0,3,3,4
555,8.333333333333334,5.0,5.0,6.0,5.0,5.0,6.0,5.0,2.75,4,4,4
556,20.166666666666668,7.0,6.0,7.0,7.0,6.0,7.0,7.0,1.75,3,2,4
557,19.0,7.0,7.0,7.0,7.0,7.0,7.0,7.0,1.25,2,2,4
558,13.666666666666666,7.0,6.0,7.0,7.0,6.0,7.0,7.0,2.25,3,3,4
559,13.5,6.0,6.0,6.0,6.0,6.0,6.0,6.0,2.0,3,3,4
560,26.666666666666668,7.0,7.0,7.0,7.0,7.0,7.0,7.0,3.0,4,2,4
561,18.333333333333332,7.0,6.0,6.0,7.0,6.0,5.0,7.0,2.0,3,2,4
562,20.666666666666668,7.0,6.0,7.0,7.0,6.0,7.0,7.0,2.75,4,2,4
563,20.333333333333332,7.0,7.0,7.0,7.0,7.0,7.0,7.0,2.0,3,3,4
564,10.0,5.0,6.0,5.0,6.0,5.0,6.0,5.0,1.75,4,4,4
565,14.0,6.0,6.0,6.0,6.0,6.0,6.0,6.0,1.75,3,3,4
566,19.0,6.0,6.0,7.0,6.0,6.0,7.0,6.0,2.75,4,3,4
567,8.333333333333334,5.0,5.0,6.0,5.0,5.0,6.0,5.0,1.75,2,1,4
568,15.333333333333334,6.0,6.0,7.0,6.0,6.0,7.0,6.0,2.25,4,3,4
569,14.333333333333334,6.0,6.0,7.0,6.0,6.0,7.0,6.0,2.25,4,3,4
570,17.333333333333332,6.0,6.0,7.0,6.0,6.0,7.0,6.0,1.75,2,4,4
571,19.166666666666668,7.0,6.0,7.0,7.0,7.0,6.0,7.0,2.25,4,3,4
572,23.333333333333332,7.0,6.0,7.0,7.0,6.0,7.0,7.0,2.25,4,2,4
573,11.333333333333334,5.0,6.0,5.0,6.0,5.0,6.0,5.0,1.75,4,2,4
574,14.833333333333334,6.0,7.0,6.0,6.0,7.0,6.0,6.0,1.75,4,2,4
575,15.0,6.0,6.0,7.0,6.0,6.0,7.0,6.0,1.5,2,2,4
576,18.0,7.0,7.0,7.0,7.0,7.0,7.0,7.0,1.5,3,3,4
577,10.333333333333334,6.0,6.0,7.0,5.0,6.0,6.0,6.0,1.5,2,3,4
578,14.666666666666666,5.0,6.0,6.0,5.0,6.0,6.0,5.0,2.5,4,3,4
579,12.0,6.0,6.0,6.0,6.0,6.0,6.0,6.0,2.5,4,4,4
580,21.333333333333332,6.0,6.0,7.0,6.0,6.0,7.0,6.0,2.75,4,4,4
581,11.666666666666666,6.0,6.0,7.0,6.0,6.0,7.0,6.0,2.25,4,3,4
582,15.666666666666666,7.0,6.0,7.0,6.0,7.0,6.0,7.0,1.5,2,3,4
583,20.0,6.0,6.0,7.0,6.0,6.0,7.0,6.0,2.75,4,3,4
584,6.666666666666667,6.0,5.0,6.0,6.0,5.0,6.0,6.0,2.25,3,3,4
585,14.333333333333334,6.0,6.0,6.0,6.0,6.0,6.0,6.0,2.25,4,3,4
586,6.5,6.0,6.0,5.0,6.0,6.0,5.0,6.0,1.75,2,1,4
587,17.666666666666668,6.0,6.0,7.0,6.0,6.0,7.0,6.0,2.5,4,1,4
588,20.333333333333332,6.0,6.0,7.0,6.0,6.0,7.0,6.0,2.0,4,1,4
589,23.333333333333332,7.0,7.0,7.0,7.0,7.0,7.0,7.0,2.0,3,2,4
590,20.5,7.0,7.0,6.0,7.0,7.0,6.0,7.0,2.5,3,2,4
591,10.0,6.0,6.0,7.0,6.0,6.0,7.0,6.0,1.5,4,2,4
592,16.666666666666668,6.0,6.0,6.0,6.0,6.0,6.0,6.0,1.75,3,3,4
593,18.5,6.0,7.0,6.0,6.0,7.0,6.0,6.0,1.75,2,1,4
594,19.833333333333332,6.0,7.0,7.0,6.0,7.0,7.0,6.0,2.5,3,3,4
595,14.666666666666666,6.0,6.0,6.0,6.0,6.0,6.0,6.0,2.5,4,4,4
596,11.0,5.0,6.0,6.0,5.0,6.0,6.0,5.0,2.0,4,1,4
597,21.0,7.0,7.0,7.0,7.0,5.0,7.0,7.0,2.0,3,3,4
598,12.166666666666666,6.0,7.0,7.0,6.0,7.0,7.0,6.0,1.75,3,3,4
599,20.333333333333332,6.0,6.0,7.0,6.0,6.0,7.0,6.0,2.5,4,3,4
600,12.0,6.0,6.0,6.0,6.0,6.0,6.0,6.0,1.5,3,2,4
601,21.333333333333332,7.0,7.0,7.0,7.0,7.0,7.0,7.0,2.0,3,2,4
602,20.833333333333332,6.0,7.0,7.0,6.0,7.0,7.0,6.0,2.25,4,3,4
603,16.0,6.0,6.0,6.0,6.0,6.0,6.0,6.0,2.75,4,4,4
604,18.0,7.0,6.0,7.0,7.0,6.0,7.0,7.0,1.75,3,1,4
605,16.666666666666668,7.0,6.0,7.0,6.0,7.0,6.0,7.0,2.0,4,3,4
606,16.833333333333332,6.0,6.0,7.0,6.0,6.0,7.0,6.0,1.5,3,3,4
607,10.666666666666666,6.0,6.0,7.0,6.0,6.0,7.0,6.0,1.5,3,3,4
608,16.666666666666668,7.0,6.0,7.0,6.0,7.0,6.0,7.0,1.25,3,3,4
609,18.333333333333332,7.0,6.0,6.0,7.0,6.0,6.0,7.0,2.5,3,0,4
610,13.0,6.0,6.0,6.0,6.0,6.0,6.0,6.0,2.5,4,3,4
611,14.5,7.0,6.0,6.0,7.0,6.0,6.0,7.0,2.0,4,1,4
612,11.0,6.0,6.0,5.0,6.0,6.0,5.0,6.0,1.5,2,2,4
613,16.0,7.0,6.0,7.0,7.0,6.0,7.0,7.0,1.75,3,2,4
614,16.666666666666668,6.0,6.0,7.0,6.0,6.0,7.0,6.0,2.25,4,1,4
615,17.0,7.0,7.0,7.0,7.0,7.0,7.0,7.0,1.25,2,3,4
616,15.166666666666666,6.0,6.0,7.0,6.0,6.0,7.0,6.0,2.5,4,2,4
617,13.5,6.0,6.0,6.0,6.0,6.0,6.0,6.0,1.5,2,0,4
618,20.333333333333332,7.0,7.0,7.0,7.0,7.0,7.0,7.0,2.0,3,4,4
619,9.0,7.0,6.0,5.0,7.0,6.0,5.0,7.0,1.5,3,1,4
620,17.333333333333332,6.0,6.0,7.0,6.0,6.0,7.0,6.0,2.5,4,3,4
621,22.5,7.0,7.0,7.0,6.0,7.0,6.0,7.0,2.0,4,2,4
622,10.0,6.0,6.0,6.0,6.0,6.0,6.0,6.0,1.75,3,0,4
623,15.333333333333334,6.0,6.0,6.0,6.0,6.0,6.0,6.0,2.75,4,3,4
624,16.0,6.0,6.0,6.0,6.0,6.0,6.0,6.0,2.0,4,3,4
625,22.0,7.0,7.0,7.0,7.0,7.0,7.0,7.0,2.75,4,2,4
626,11.0,6.0,6.0,6.0,6.0,6.0,6.0,6.0,1.25,2,3,4
627,8.0,6.0,5.0,5.0,6.0,5.0,5.0,6.0,2.0,3,1,4
628,16.0,7.0,6.0,6.0,7.0,6.0,6.0,7.0,2.0,3,2,4
629,11.666666666666666,7.0,5.0,6.0,7.0,5.0,6.0,7.0,2.5,4,3,4
630,14.666666666666666,6.0,6.0,6.0,6.0,6.0,6.0,6.0,1.75,3,3,4
631,19.833333333333332,6.0,7.0,7.0,6.0,7.0,7.0,6.0,2.25,4,2,4
632,20.0,7.0,7.0,7.0,7.0,7.0,7.0,7.0,2.0,4,2,4
633,18.666666666666668,7.0,6.0,6.0,7.0,6.0,7.0,7.0,1.75,3,3,4
634,9.0,7.0,6.0,5.0,7.0,6.0,5.0,7.0,1.75,4,2,4
635,14.666666666666666,6.0,5.0,7.0,5.0,6.0,6.0,6.0,2.25,4,4,4
636,16.833333333333332,7.0,6.0,7.0,7.0,6.0,7.0,7.0,2.0,3,3,4
637,17.0,7.0,7.0,6.0,7.0,7.0,6.0,7.0,2.0,4,3,4
638,17.0,7.0,6.0,6.0,7.0,6.0,6.0,7.0,1.75,3,1,4
639,12.333333333333334,6.0,7.0,6.0,6.0,7.0,6.0,6.0,1.25,2,2,4
640,14.333333333333334,6.0,6.0,7.0,6.0,6.0,7.0,6.0,1.75,4,3,4
641,20.166666666666668,6.0,6.0,7.0,6.0,6.0,7.0,6.0,2.25,4,3,4
642,14.333333333333334,6.0,6.0,6.0,6.0,6.0,6.0,6.0,2.0,4,2,4
643,21.5,7.0,7.0,7.0,7.0,7.0,7.0,7.0,2.25,4,3,4
644,16.0,7.0,6.0,7.0,7.0,7.0,6.0,7.0,2.0,4,3,4
645,16.333333333333332,6.0,6.0,6.0,6.0,6.0,6.0,6.0,3.0,4,3,4
646,17.666666666666668,6.0,6.0,7.0,6.0,6.0,7.0,6.0,2.25,4,3,4
647,12.166666666666666,6.0,5.0,6.0,6.0,5.0,6.0,6.0,1.75,3,1,4
648,15.333333333333334,7.0,6.0,7.0,7.0,6.0,7.0,7.0,2.25,3,3,4
649,17.0,7.0,6.0,6.0,7.0,6.0,6.0,7.0,1.75,3,3,4
650,17.333333333333332,7.0,6.0,7.0,6.0,7.0,6.0,7.0,1.0,3,2,4
651,16.0,6.0,6.0,6.0,6.0,6.0,6.0,6.0,1.75,4,1,4
652,25.166666666666668,7.0,7.0,7.0,7.0,7.0,7.0,7.0,2.0,3,2,4
653,10.333333333333334,6.0,5.0,7.0,5.0,6.0,6.0,6.0,2.0,4,3,4
654,12.333333333333334,6.0,5.0,6.0,6.0,5.0,6.0,6.0,2.0,3,3,4
655,16.333333333333332,6.0,6.0,6.0,6.0,6.0,6.0,6.0,2.0,3,1,4
656,19.0,6.0,6.0,7.0,6.0,6.0,7.0,6.0,2.25,4,3,4
657,16.5,6.0,7.0,7.0,6.0,7.0,7.0,6.0,3.0,4,3,4
658,16.0,7.0,6.0,7.0,7.0,6.0,7.0,7.0,1.5,3,4,4
659,22.333333333333332,7.0,7.0,7.0,7.0,7.0,7.0,7.0,1.75,3,2,4
660,16.0,6.0,6.0,6.0,6.0,6.0,6.0,6.0,2.0,4,3,4
661,20.5,6.0,7.0,7.0,6.0,7.0,7.0,6.0,2.75,4,3,4
662,17.333333333333332,7.0,7.0,7.0,7.0,7.0,7.0,7.0,1.75,4,4,4
663,17.833333333333332,6.0,7.0,7.0,6.0,7.0,7.0,6.0,2.0,4,2,4
664,16.333333333333332,7.0,6.0,6.0,7.0,6.0,7.0,7.0,1.5,3,3,4
665,15.0,6.0,6.0,7.0,6.0,6.0,7.0,6.0,1.75,3,3,4
666,8.0,5.0,6.0,6.0,5.0,6.0,6.0,5.0,1.75,3,4,4
667,18.0,6.0,7.0,7.0,6.0,7.0,7.0,6.0,1.25,2,1,4
668,14.666666666666666,6.0,5.0,7.0,6.0,6.0,6.0,6.0,2.75,4,1,4
669,14.0,7.0,6.0,7.0,6.0,7.0,6.0,7.0,2.0,4,4,4
670,14.666666666666666,6.0,6.0,6.0,6.0,6.0,6.0,6.0,2.0,4,3,4
671,7.5,5.0,6.0,6.0,5.0,6.0,6.0,5.0,2.0,3,3,4
672,11.5,7.0,6.0,5.0,7.0,6.0,5.0,7.0,1.5,2,4,4
673,9.333333333333334,6.0,6.0,6.0,6.0,6.0,6.0,6.0,1.75,3,2,4
674,10.333333333333334,5.0,6.0,6.0,5.0,6.0,6.0,5.0,1.75,3,2,4
675,14.166666666666666,6.0,6.0,7.0,6.0,7.0,6.0,6.0,1.75,4,3,4
676,16.166666666666668,6.0,7.0,7.0,6.0,7.0,7.0,6.0,1.75,3,2,4
677,19.0,7.0,6.0,7.0,7.0,6.0,7.0,7.0,2.75,4,4,4
678,10.666666666666666,6.0,6.0,6.0,6.0,6.0,6.0,6.0,1.5,2,2,4
679,23.0,7.0,7.0,7.0,7.0,7.0,7.0,7.0,2.5,3,2,4
680,12.666666666666666,6.0,6.0,7.0,6.0,6.0,7.0,6.0,1.5,3,3,4
681,10.0,6.0,5.0,5.0,6.0,5.0,5.0,6.0,2.25,3,1,4
682,17.0,7.0,6.0,7.0,6.0,7.0,6.0,7.0,1.5,2,1,4
683,9.666666666666666,6.0,5.0,6.0,6.0,5.0,6.0,6.0,2.25,3,2,4
684,5.0,6.0,5.0,6.0,6.0,5.0,6.0,6.0,1.75,3,2,4
685,16.0,6.0,7.0,5.0,6.0,7.0,5.0,6.0,2.0,3,1,4
686,15.5,6.0,6.0,7.0,6.0,6.0,7.0,6.0,2.0,3,1,4
687,11.666666666666666,6.0,6.0,7.0,6.0,6.0,7.0,6.0,1.25,3,2,4
688,19.833333333333332,6.0,7.0,7.0,6.0,7.0,7.0,6.0,1.75,4,3,4
689,19.166666666666668,6.0,6.0,7.0,6.0,6.0,7.0,6.0,2.0,4,1,4
690,12.0,5.0,6.0,7.0,6.0,6.0,7.0,5.0,1.75,4,1,4
691,15.0,6.0,6.0,6.0,6.0,6.0,6.0,6.0,2.5,4,3,4
692,16.666666666666668,6.0,6.0,7.0,6.0,6.0,7.0,6.0,2.0,3,2,4
693,14.166666666666666,6.0,6.0,6.0,6.0,7.0,6.0,6.0,2.0,4,3,4
694,14.5,5.0,7.0,6.0,5.0,7.0,6.0,5.0,2.5,3,2,4
695,22.666666666666668,7.0,7.0,7.0,7.0,7.0,7.0,7.0,3.0,4,3,4
696,14.833333333333334,6.0,7.0,7.0,6.0,7.0,7.0,6.0,2.0,3,3,4
697,20.333333333333332,7.0,6.0,7.0,7.0,6.0,7.0,7.0,2.25,4,3,4
698,18.166666666666668,7.0,7.0,7.0,7.0,7.0,7.0,7.0,1.0,1,3,4
699,19.666666666666668,7.0,6.0,7.0,6.0,7.0,6.0,7.0,2.5,4,3,4
700,9.5,6.0,6.0,5.0,6.0,6.0,5.0,6.0,2.25,4,1,4
701,11.333333333333334,6.0,6.0,6.0,6.0,6.0,6.0,6.0,1.75,3,1,4
702,12.0,6.0,5.0,5.0,6.0,5.0,5.0,6.0,2.25,3,2,4
703,17.0,7.0,6.0,6.0,7.0,6.0,6.0,7.0,2.25,4,4,4
704,17.0,7.0,7.0,7.0,7.0,7.0,7.0,7.0,1.25,2,3,4
705,11.666666666666666,6.0,5.0,7.0,5.0,6.0,6.0,6.0,1.75,3,2,4
706,12.833333333333334,6.0,6.0,6.0,6.0,6.0,6.0,6.0,2.25,3,3,4
707,17.666666666666668,7.0,7.0,6.0,6.0,7.0,6.0,7.0,2.0,3,1,4
708,20.833333333333332,6.0,7.0,7.0,6.0,7.0,7.0,6.0,2.5,4,3,4
709,17.833333333333332,6.0,7.0,7.0,6.0,7.0,7.0,6.0,1.5,2,2,4
710,14.666666666666666,6.0,6.0,7.0,7.0,6.0,6.0,6.0,2.25,4,3,4
711,20.333333333333332,6.0,7.0,7.0,6.0,7.0,7.0,6.0,2.5,4,2,4
712,15.0,6.0,6.0,7.0,6.0,6.0,7.0,6.0,1.5,3,2,4
713,15.0,7.0,6.0,6.0,7.0,6.0,6.0,7.0,2.0,4,1,4
714,17.333333333333332,6.0,6.0,7.0,6.0,6.0,7.0,6.0,2.25,3,4,4
715,24.0,7.0,7.0,7.0,7.0,7.0,7.0,7.0,2.75,4,4,4
716,12.333333333333334,7.0,6.0,6.0,7.0,6.0,6.0,7.0,2.0,4,2,4
717,14.833333333333334,6.0,6.0,6.0,6.0,6.0,6.0,6.0,2.0,4,3,4
718,13.666666666666666,6.0,6.0,7.0,6.0,6.0,6.0,6.0,2.25,4,3,4
719,14.666666666666666,6.0,6.0,6.0,6.0,6.0,6.0,6.0,1.5,3,3,4
720,18.666666666666668,7.0,7.0,7.0,7.0,7.0,7.0,7.0,1.25,2,1,4
721,14.0,6.0,5.0,7.0,6.0,6.0,6.0,6.0,1.5,2,1,4
722,24.0,7.0,7.0,7.0,7.0,7.0,7.0,7.0,2.5,4,4,4
723,9.0,6.0,6.0,6.0,6.0,6.0,6.0,6.0,1.25,2,2,4
724,13.833333333333334,6.0,6.0,6.0,6.0,6.0,6.0,6.0,2.25,4,2,4
725,18.333333333333332,6.0,7.0,7.0,6.0,7.0,7.0,6.0,2.25,4,1,4
726,9.833333333333334,6.0,6.0,6.0,6.0,6.0,6.0,6.0,2.0,2,2,4
727,18.0,6.0,6.0,7.0,6.0,6.0,7.0,6.0,2.0,4,2,4
728,12.833333333333334,6.0,6.0,6.0,6.0,6.0,6.0,6.0,1.75,3,2,4
729,17.333333333333332,6.0,6.0,7.0,6.0,6.0,7.0,6.0,2.0,4,3,4
730,9.666666666666666,6.0,5.0,6.0,6.0,5.0,6.0,6.0,2.0,3,1,4
731,11.5,5.0,6.0,6.0,5.0,6.0,6.0,5.0,1.25,2,1,4
732,13.5,6.0,7.0,6.0,6.0,7.0,6.0,6.0,2.25,3,3,4
733,17.833333333333332,6.0,7.0,7.0,6.0,7.0,7.0,6.0,1.75,4,3,4
734,18.5,7.0,7.0,6.0,7.0,7.0,6.0,7.0,1.75,3,3,4
735,15.5,6.0,6.0,6.0,6.0,6.0,6.0,6.0,2.0,4,2,4
736,12.0,6.0,6.0,6.0,6.0,6.0,6.0,6.0,2.25,4,3,4
737,26.0,7.0,7.0,7.0,7.0,7.0,7.0,7.0,2.5,4,4,4
738,13.333333333333334,5.0,6.0,7.0,5.0,6.0,7.0,5.0,2.25,4,2,4
739,17.333333333333332,7.0,7.0,7.0,7.0,7.0,7.0,7.0,2.0,4,3,4
740,16.666666666666668,7.0,6.0,7.0,7.0,7.0,6.0,7.0,1.75,4,3,4
741,13.833333333333334,6.0,7.0,7.0,6.0,7.0,7.0,6.0,1.5,2,2,4
742,21.166666666666668,7.0,6.0,7.0,7.0,6.0,7.0,7.0,2.0,4,2,4
743,7.0,6.0,6.0,5.0,6.0,6.0,5.0,6.0,1.5,2,3,4
744,13.333333333333334,6.0,6.0,7.0,6.0,6.0,6.0,6.0,1.75,3,4,4
745,16.833333333333332,6.0,7.0,6.0,6.0,7.0,6.0,6.0,2.25,3,2,4
746,15.0,6.0,6.0,7.0,6.0,6.0,7.0,6.0,1.5,3,2,4
747,21.0,7.0,6.0,7.0,6.0,7.0,6.0,7.0,1.5,3,2,4
748,16.166666666666668,6.0,6.0,7.0,6.0,6.0,7.0,6.0,1.75,3,2,4
749,16.0,7.0,6.0,6.0,7.0,6.0,6.0,7.0,2.75,4,2,4
750,17.166666666666668,6.0,6.0,7.0,7.0,7.0,6.0,6.0,1.5,3,3,4
751,25.333333333333332,7.0,7.0,7.0,7.0,7.0,7.0,7.0,2.75,4,4,4
752,15.5,7.0,6.0,6.0,7.0,6.0,6.0,7.0,2.25,3,2,4
753,17.666666666666668,6.0,6.0,6.0,6.0,6.0,6.0,6.0,2.5,3,2,4
754,9.333333333333334,6.0,6.0,6.0,6.0,6.0,6.0,6.0,2.25,4,3,4
755,22.0,7.0,6.0,7.0,7.0,6.0,7.0,7.0,2.25,4,3,4
756,14.5,5.0,7.0,6.0,5.0,7.0,6.0,5.0,2.5,4,1,4
757,21.833333333333332,7.0,7.0,7.0,7.0,7.0,7.0,7.0,2.5,4,2,4
758,16.166666666666668,6.0,7.0,7.0,6.0,7.0,7.0,6.0,1.25,4,2,4
759,17.833333333333332,6.0,7.0,7.0,7.0,7.0,6.0,6.0,2.0,3,3,4
760,16.666666666666668,6.0,6.0,6.0,6.0,6.0,6.0,6.0,2.0,4,2,4
761,20.833333333333332,7.0,7.0,7.0,6.0,7.0,6.0,7.0,2.0,4,1,4
762,19.5,6.0,6.0,7.0,6.0,6.0,7.0,6.0,2.5,4,1,4
763,13.333333333333334,6.0,6.0,6.0,6.0,6.0,6.0,6.0,2.0,3,3,4
764,19.833333333333332,7.0,6.0,7.0,6.0,7.0,6.0,7.0,1.25,3,2,4
765,15.0,7.0,6.0,7.0,7.0,6.0,7.0,7.0,2.75,4,4,4
766,16.666666666666668,6.0,6.0,7.0,6.0,6.0,7.0,6.0,1.5,3,3,4
767,15.666666666666666,6.0,6.0,7.0,6.0,6.0,7.0,6.0,1.5,3,2,4
768,25.833333333333332,7.0,7.0,7.0,7.0,7.0,7.0,7.0,2.25,4,2,4
769,16.0,7.0,7.0,7.0,7.0,7.0,7.0,7.0,1.75,3,4,4
770,15.5,5.0,7.0,7.0,5.0,7.0,7.0,5.0,1.75,3,2,4
771,15.166666666666666,7.0,6.0,7.0,7.0,7.0,6.0,7.0,1.5,3,4,4
772,12.833333333333334,6.0,6.0,6.0,6.0,6.0,6.0,6.0,1.25,2,2,4
773,9.333333333333334,6.0,6.0,6.0,6.0,6.0,6.0,6.0,2.0,3,3,4
774,14.0,7.0,6.0,7.0,6.0,7.0,6.0,7.0,2.25,4,2,4
775,24.5,7.0,7.0,7.0,7.0,7.0,7.0,7.0,2.5,4,2,4
776,22.0,7.0,6.0,7.0,7.0,6.0,7.0,7.0,2.5,4,3,4
777,8.333333333333334,6.0,5.0,6.0,6.0,5.0,6.0,6.0,2.5,4,2,4
778,18.0,7.0,5.0,7.0,6.0,6.0,6.0,7.0,2.0,4,1,4
779,22.166666666666668,7.0,7.0,7.0,7.0,7.0,7.0,7.0,2.0,3,3,4
780,14.666666666666666,6.0,6.0,6.0,6.0,6.0,6.0,6.0,2.0,4,2,4
781,14.666666666666666,6.0,7.0,7.0,6.0,7.0,7.0,6.0,1.25,2,1,4
782,20.5,6.0,6.0,7.0,6.0,6.0,7.0,6.0,2.0,4,2,4
783,11.333333333333334,6.0,6.0,7.0,6.0,6.0,7.0,6.0,2.25,4,3,4
784,15.166666666666666,6.0,7.0,6.0,6.0,7.0,6.0,6.0,2.25,4,2,4
785,26.333333333333332,7.0,7.0,7.0,7.0,7.0,7.0,7.0,2.25,3,3,4
786,15.333333333333334,6.0,7.0,7.0,7.0,6.0,7.0,6.0,1.75,4,3,4
787,8.666666666666666,6.0,5.0,6.0,5.0,6.0,5.0,6.0,2.25,4,2,4
788,2.6666666666666665,5.0,5.0,6.0,5.0,5.0,6.0,5.0,1.75,3,2,4
789,14.666666666666666,6.0,6.0,6.0,5.0,6.0,6.0,6.0,1.25,2,0,4
790,18.0,6.0,6.0,7.0,6.0,6.0,7.0,6.0,2.75,4,3,4
791,14.0,6.0,6.0,7.0,6.0,6.0,7.0,6.0,2.5,4,1,4
792,8.0,6.0,6.0,6.0,6.0,6.0,6.0,6.0,1.25,3,2,4
793,17.5,7.0,6.0,6.0,7.0,6.0,5.0,7.0,1.5,3,0,4
794,12.5,6.0,6.0,6.0,6.0,7.0,6.0,6.0,1.25,3,2,4
795,20.0,7.0,7.0,7.0,7.0,7.0,7.0,7.0,2.75,4,4,4
796,8.0,6.0,6.0,6.0,6.0,6.0,6.0,6.0,2.0,4,2,4
797,8.666666666666666,7.0,5.0,6.0,7.0,5.0,6.0,7.0,2.0,2,3,4
798,14.0,6.0,6.0,7.0,6.0,6.0,7.0,6.0,2.5,4,4,4
799,13.333333333333334,6.0,5.0,6.0,6.0,6.0,6.0,6.0,2.0,4,2,4
800,10.833333333333334,6.0,6.0,5.0,6.0,6.0,5.0,6.0,2.25,3,2,4
801,20.333333333333332,6.0,7.0,6.0,6.0,7.0,6.0,6.0,2.0,3,2,4
802,16.166666666666668,7.0,6.0,6.0,7.0,6.0,6.0,7.0,2.25,4,2,4
803,15.833333333333334,6.0,7.0,6.0,6.0,7.0,6.0,6.0,2.5,4,3,4
804,15.0,7.0,6.0,6.0,7.0,6.0,6.0,7.0,2.0,4,3,4
805,15.666666666666666,6.0,6.0,7.0,6.0,6.0,7.0,6.0,1.75,3,4,4
806,17.333333333333332,6.0,7.0,6.0,7.0,6.0,7.0,6.0,1.75,4,3,4
807,20.333333333333332,7.0,7.0,7.0,7.0,7.0,7.0,7.0,1.75,4,2,4
808,3.0,6.0,5.0,5.0,6.0,5.0,5.0,6.0,2.0,3,1,4
809,13.0,6.0,5.0,7.0,6.0,6.0,6.0,6.0,2.0,4,3,4
810,9.666666666666666,6.0,6.0,6.0,6.0,6.0,6.0,6.0,1.5,3,3,4
811,8.0,5.0,5.0,5.0,5.0,5.0,5.0,5.0,2.75,4,4,4
812,15.166666666666666,6.0,6.0,6.0,6.0,6.0,6.0,6.0,1.75,3,2,4
813,17.333333333333332,7.0,7.0,7.0,7.0,7.0,7.0,7.0,2.0,4,4,4
814,18.0,7.0,7.0,6.0,7.0,7.0,6.0,7.0,1.75,3,2,4
815,14.0,7.0,6.0,6.0,7.0,6.0,6.0,7.0,1.25,2,2,4
816,16.333333333333332,7.0,6.0,7.0,6.0,7.0,7.0,7.0,2.0,4,3,4
817,15.333333333333334,6.0,6.0,7.0,6.0,6.0,7.0,6.0,2.25,4,2,4
818,12.666666666666666,6.0,5.0,6.0,6.0,5.0,6.0,6.0,2.5,4,2,4
819,24.5,7.0,7.0,7.0,7.0,7.0,7.0,7.0,2.75,4,2,4
820,21.333333333333332,7.0,7.0,7.0,7.0,7.0,7.0,7.0,2.5,4,4,4
821,7.166666666666667,6.0,6.0,6.0,6.0,6.0,6.0,6.0,2.25,3,2,4
822,10.166666666666666,6.0,6.0,6.0,6.0,6.0,6.0,6.0,2.5,4,2,4
823,14.666666666666666,6.0,6.0,6.0,6.0,6.0,6.0,6.0,2.0,3,3,4
824,17.333333333333332,7.0,7.0,7.0,7.0,7.0,7.0,7.0,1.5,3,3,4
825,10.5,6.0,6.0,6.0,6.0,6.0,6.0,6.0,2.75,4,1,4
826,5.666666666666667,6.0,5.0,6.0,6.0,5.0,6.0,6.0,1.75,2,3,4
827,15.166666666666666,6.0,6.0,7.0,6.0,6.0,6.0,6.0,1.75,3,3,4
828,19.666666666666668,7.0,6.0,7.0,7.0,5.0,7.0,7.0,2.0,4,2,4
829,14.0,6.0,6.0,7.0,6.0,6.0,7.0,6.0,2.5,4,4,4
830,15.5,6.0,6.0,7.0,6.0,6.0,7.0,6.0,2.25,4,3,4
831,14.666666666666666,7.0,6.0,7.0,7.0,6.0,7.0,7.0,1.25,3,3,4
832,17.333333333333332,7.0,7.0,7.0,7.0,7.0,7.0,7.0,2.0,4,3,4
833,17.0,6.0,6.0,7.0,6.0,6.0,7.0,6.0,2.25,4,3,4
834,15.833333333333334,6.0,7.0,7.0,6.0,7.0,7.0,6.0,2.25,3,3,4
835,18.666666666666668,6.0,6.0,7.0,6.0,6.0,7.0,6.0,2.25,4,3,4
836,15.666666666666666,6.0,6.0,7.0,6.0,6.0,7.0,6.0,2.5,4,3,4
837,8.0,5.0,5.0,7.0,5.0,5.0,7.0,5.0,2.75,4,2,4
838,11.166666666666666,6.0,6.0,6.0,6.0,6.0,6.0,6.0,1.75,3,3,4
839,2.6666666666666665,5.0,5.0,6.0,5.0,5.0,6.0,5.0,2.25,4,4,4
840,21.333333333333332,6.0,7.0,7.0,7.0,6.0,7.0,6.0,1.75,3,4,4
841,17.333333333333332,6.0,6.0,7.0,6.0,6.0,7.0,6.0,1.75,3,2,4
842,15.166666666666666,6.0,6.0,6.0,6.0,6.0,6.0,6.0,2.0,4,2,4
843,20.166666666666668,6.0,7.0,7.0,6.0,7.0,7.0,6.0,1.5,2,1,4
844,20.5,7.0,7.0,7.0,7.0,7.0,7.0,7.0,1.75,3,1,4
845,8.833333333333334,5.0,5.0,6.0,5.0,5.0,6.0,5.0,2.0,3,3,4
846,8.833333333333334,6.0,5.0,6.0,6.0,5.0,6.0,6.0,2.25,4,2,4
847,13.333333333333334,6.0,6.0,6.0,6.0,6.0,6.0,6.0,1.75,3,3,4
848,14.833333333333334,7.0,7.0,5.0,7.0,7.0,5.0,7.0,1.5,2,3,4
849,10.666666666666666,6.0,6.0,7.0,6.0,6.0,7.0,6.0,1.25,2,3,4
850,5.333333333333333,5.0,5.0,6.0,5.0,5.0,6.0,5.0,1.75,3,2,4
851,18.0,6.0,6.0,7.0,6.0,6.0,7.0,6.0,2.0,3,3,4
852,8.333333333333334,5.0,5.0,6.0,5.0,5.0,6.0,5.0,2.75,4,4,4
853,22.666666666666668,6.0,7.0,6.0,7.0,6.0,7.0,6.0,3.0,4,4,4
854,17.0,7.0,6.0,6.0,7.0,6.0,6.0,7.0,2.0,3,2,4
855,18.333333333333332,6.0,7.0,7.0,6.0,7.0,7.0,6.0,2.25,4,1,4
856,9.666666666666666,6.0,6.0,7.0,6.0,6.0,6.0,6.0,1.75,3,3,4
857,12.833333333333334,6.0,7.0,5.0,6.0,7.0,5.0,6.0,1.75,3,2,4
858,8.333333333333334,5.0,5.0,6.0,5.0,5.0,6.0,5.0,2.0,2,3,4
859,15.833333333333334,6.0,7.0,6.0,6.0,7.0,6.0,6.0,1.5,2,2,4
860,16.333333333333332,7.0,5.0,7.0,7.0,6.0,6.0,7.0,2.25,4,1,4
861,11.0,5.0,6.0,7.0,5.0,6.0,7.0,5.0,2.75,4,1,4
862,25.333333333333332,7.0,7.0,7.0,7.0,7.0,7.0,7.0,2.75,4,2,4
863,9.833333333333334,6.0,6.0,6.0,6.0,6.0,6.0,6.0,2.25,4,3,4
864,20.333333333333332,7.0,7.0,7.0,7.0,7.0,7.0,7.0,1.0,2,4,4
865,24.666666666666668,7.0,7.0,7.0,7.0,7.0,7.0,7.0,2.25,4,3,4
866,8.0,7.0,5.0,6.0,7.0,5.0,6.0,7.0,1.25,4,1,4
867,15.666666666666666,6.0,6.0,7.0,6.0,6.0,7.0,6.0,2.25,3,2,4
868,13.666666666666666,7.0,6.0,7.0,7.0,6.0,7.0,7.0,1.75,3,4,4
869,18.833333333333332,7.0,7.0,7.0,7.0,7.0,7.0,7.0,1.75,3,2,4
870,22.0,7.0,7.0,7.0,7.0,7.0,7.0,7.0,2.25,4,2,4
871,12.166666666666666,6.0,7.0,7.0,6.0,7.0,7.0,6.0,1.75,3,1,4
872,14.333333333333334,6.0,6.0,6.0,6.0,6.0,6.0,6.0,1.75,4,2,4
873,11.0,6.0,6.0,6.0,6.0,6.0,6.0,6.0,2.0,3,2,4
874,22.0,7.0,7.0,7.0,7.0,7.0,7.0,7.0,2.25,4,3,4
875,11.166666666666666,6.0,5.0,7.0,5.0,6.0,7.0,6.0,1.75,3,2,4
876,17.0,7.0,6.0,7.0,7.0,6.0,7.0,7.0,2.5,4,3,4
877,19.333333333333332,7.0,6.0,6.0,7.0,6.0,6.0,7.0,2.0,3,4,4
878,20.0,6.0,6.0,7.0,6.0,6.0,7.0,6.0,2.25,4,3,4
879,18.666666666666668,7.0,7.0,7.0,7.0,7.0,7.0,7.0,1.75,4,3,4
880,18.833333333333332,5.0,7.0,7.0,5.0,7.0,7.0,5.0,2.75,4,2,4
881,14.833333333333334,6.0,6.0,7.0,6.0,6.0,7.0,6.0,1.5,3,2,4
882,10.0,6.0,6.0,7.0,6.0,6.0,7.0,6.0,1.75,2,4,4
883,16.333333333333332,6.0,6.0,7.0,6.0,6.0,7.0,6.0,2.25,4,3,4
884,20.0,7.0,7.0,6.0,6.0,7.0,6.0,7.0,1.25,2,0,4
885,21.666666666666668,7.0,7.0,7.0,7.0,6.0,7.0,7.0,2.5,4,2,4
886,22.833333333333332,6.0,7.0,7.0,7.0,7.0,7.0,6.0,2.5,4,2,4
887,21.333333333333332,7.0,7.0,7.0,7.0,7.0,6.0,7.0,2.25,3,2,4
888,21.5,6.0,6.0,7.0,6.0,6.0,7.0,6.0,2.25,4,3,4
889,13.5,7.0,6.0,5.0,7.0,6.0,5.0,7.0,2.0,4,2,4
890,8.0,6.0,6.0,6.0,6.0,6.0,6.0,6.0,2.0,4,3,4
891,16.166666666666668,6.0,7.0,7.0,6.0,7.0,7.0,6.0,2.25,4,3,4
892,10.0,5.0,5.0,6.0,5.0,5.0,6.0,5.0,2.75,4,3,4
893,11.333333333333334,6.0,6.0,5.0,6.0,6.0,5.0,6.0,2.75,4,2,4
894,12.666666666666666,6.0,6.0,7.0,6.0,6.0,7.0,6.0,1.25,3,2,4
895,15.333333333333334,7.0,7.0,5.0,7.0,7.0,5.0,7.0,1.25,2,3,4
896,20.5,6.0,7.0,7.0,6.0,7.0,7.0,6.0,2.25,4,2,4
897,10.0,6.0,6.0,6.0,6.0,6.0,6.0,6.0,1.75,3,2,4
898,17.333333333333332,6.0,6.0,7.0,6.0,6.0,7.0,6.0,1.75,4,3,4
899,13.833333333333334,6.0,6.0,6.0,6.0,6.0,6.0,6.0,2.25,4,3,4
900,13.833333333333334,6.0,6.0,6.0,6.0,6.0,6.0,6.0,1.75,3,3,4
901,17.333333333333332,6.0,6.0,7.0,6.0,6.0,7.0,6.0,1.25,3,2,4
902,20.333333333333332,7.0,7.0,7.0,7.0,7.0,7.0,7.0,2.25,4,2,4
903,13.0,6.0,6.0,7.0,6.0,6.0,7.0,6.0,1.75,4,3,4
904,17.0,6.0,6.0,7.0,6.0,6.0,7.0,6.0,1.5,3,3,4
905,13.833333333333334,6.0,6.0,7.0,6.0,6.0,7.0,6.0,1.25,2,2,4
906,8.5,6.0,6.0,5.0,6.0,6.0,5.0,6.0,2.25,3,2,4
907,18.5,6.0,7.0,6.0,6.0,7.0,6.0,6.0,1.75,3,1,4
908,14.333333333333334,6.0,6.0,7.0,6.0,6.0,7.0,6.0,2.0,3,2,4
909,22.666666666666668,7.0,7.0,7.0,7.0,7.0,7.0,7.0,1.75,3,3,4
910,11.666666666666666,6.0,6.0,6.0,6.0,6.0,6.0,6.0,2.5,4,2,4
911,27.333333333333332,7.0,7.0,7.0,7.0,7.0,7.0,7.0,2.5,4,4,4
912,19.833333333333332,7.0,7.0,6.0,7.0,7.0,5.0,7.0,2.25,4,2,4
913,13.333333333333334,6.0,6.0,7.0,5.0,6.0,6.0,6.0,1.5,2,2,4
914,13.0,7.0,6.0,7.0,6.0,7.0,6.0,7.0,1.5,4,4,4
915,15.833333333333334,6.0,6.0,7.0,6.0,6.0,7.0,6.0,2.5,4,3,4
916,6.666666666666667,5.0,5.0,6.0,5.0,5.0,6.0,5.0,2.5,4,2,4
917,11.5,7.0,6.0,5.0,7.0,6.0,5.0,7.0,1.75,2,1,4
918,14.333333333333334,5.0,6.0,7.0,6.0,6.0,7.0,5.0,1.75,3,2,4
919,14.666666666666666,5.0,5.0,7.0,5.0,5.0,7.0,5.0,2.25,4,4,4
920,19.5,7.0,7.0,7.0,7.0,7.0,7.0,7.0,1.25,2,2,4
921,22.0,7.0,7.0,7.0,7.0,7.0,7.0,7.0,1.75,3,3,4
922,14.833333333333334,6.0,6.0,7.0,6.0,6.0,7.0,6.0,2.0,3,2,4
923,12.5,5.0,7.0,7.0,5.0,7.0,7.0,5.0,2.25,4,1,4
924,19.166666666666668,7.0,7.0,7.0,6.0,7.0,6.0,7.0,2.0,4,3,4
925,12.166666666666666,5.0,6.0,6.0,5.0,6.0,6.0,5.0,2.0,4,2,4
926,14.333333333333334,6.0,6.0,7.0,6.0,6.0,7.0,6.0,1.75,4,2,4
927,14.333333333333334,6.0,6.0,7.0,6.0,6.0,7.0,6.0,2.25,4,4,4
928,16.333333333333332,6.0,6.0,6.0,6.0,6.0,6.0,6.0,3.0,4,2,4
929,17.0,6.0,6.0,7.0,6.0,6.0,7.0,6.0,1.5,3,1,4
930,18.0,7.0,6.0,6.0,7.0,6.0,6.0,7.0,2.75,4,3,4
931,13.333333333333334,6.0,5.0,7.0,5.0,6.0,6.0,6.0,1.25,4,3,4
932,15.5,6.0,6.0,7.0,6.0,6.0,6.0,6.0,1.75,4,3,4
933,8.5,6.0,6.0,5.0,6.0,6.0,5.0,6.0,1.75,3,3,4
934,14.666666666666666,7.0,6.0,7.0,6.0,7.0,6.0,7.0,1.5,3,2,4
935,12.166666666666666,6.0,6.0,6.0,6.0,6.0,6.0,6.0,1.75,3,2,4
936,16.5,7.0,7.0,7.0,7.0,7.0,7.0,7.0,1.5,2,2,4
937,15.0,7.0,6.0,6.0,7.0,6.0,6.0,7.0,2.0,3,3,4
938,15.833333333333334,6.0,7.0,6.0,6.0,7.0,6.0,6.0,2.25,4,2,4
939,16.333333333333332,7.0,6.0,7.0,7.0,6.0,7.0,7.0,2.25,3,3,4
940,23.666666666666668,7.0,7.0,7.0,7.0,7.0,7.0,7.0,2.25,3,3,4
941,6.666666666666667,5.0,5.0,6.0,5.0,5.0,6.0,5.0,2.0,3,3,4
942,18.666666666666668,6.0,6.0,7.0,6.0,6.0,7.0,6.0,2.0,4,2,4
943,18.5,6.0,6.0,7.0,6.0,6.0,6.0,6.0,1.75,4,3,4
944,14.833333333333334,6.0,6.0,7.0,6.0,6.0,7.0,6.0,2.0,4,1,4
945,16.166666666666668,5.0,6.0,6.0,5.0,6.0,6.0,5.0,1.75,3,3,4
946,11.5,6.0,6.0,5.0,6.0,6.0,5.0,6.0,1.75,2,2,4
947,24.166666666666668,7.0,6.0,7.0,7.0,6.0,7.0,7.0,2.5,4,2,4
948,12.166666666666666,5.0,5.0,6.0,5.0,5.0,6.0,5.0,1.75,3,1,4
949,18.833333333333332,7.0,7.0,6.0,7.0,7.0,6.0,7.0,2.5,4,2,4
950,14.833333333333334,6.0,6.0,7.0,6.0,6.0,7.0,6.0,1.5,3,1,4
951,7.833333333333333,5.0,5.0,6.0,5.0,5.0,6.0,5.0,2.0,4,3,4
952,16.666666666666668,6.0,6.0,7.0,6.0,6.0,7.0,6.0,1.75,3,3,4
953,8.833333333333334,6.0,5.0,6.0,6.0,5.0,6.0,6.0,2.0,3,3,4
954,19.333333333333332,6.0,6.0,7.0,6.0,6.0,6.0,6.0,2.0,3,4,4
955,24.333333333333332,7.0,7.0,7.0,7.0,7.0,7.0,7.0,2.5,4,1,4
956,17.833333333333332,6.0,6.0,7.0,6.0,6.0,7.0,6.0,2.0,4,3,4
957,15.166666666666666,6.0,6.0,7.0,6.0,7.0,6.0,6.0,2.0,4,3,4
958,12.0,6.0,6.0,6.0,6.0,6.0,6.0,6.0,1.5,2,1,4
959,18.0,7.0,7.0,7.0,7.0,7.0,7.0,7.0,2.0,4,2,4
960,21.333333333333332,7.0,7.0,7.0,7.0,7.0,7.0,7.0,1.25,3,4,4
961,15.666666666666666,7.0,6.0,7.0,7.0,6.0,7.0,7.0,1.75,3,4,4
962,11.666666666666666,6.0,6.0,7.0,6.0,6.0,7.0,6.0,1.25,3,4,4
963,14.5,6.0,6.0,7.0,6.0,6.0,6.0,6.0,2.0,4,2,4
964,14.166666666666666,6.0,6.0,7.0,6.0,6.0,7.0,6.0,1.5,3,3,4
965,15.5,7.0,6.0,5.0,7.0,6.0,5.0,7.0,2.25,4,2,4
966,16.5,7.0,7.0,6.0,7.0,7.0,6.0,7.0,1.75,4,3,4
967,14.333333333333334,6.0,6.0,7.0,6.0,6.0,7.0,6.0,2.0,3,2,4
968,10.5,6.0,6.0,6.0,6.0,6.0,6.0,6.0,2.0,3,2,4
969,17.0,6.0,6.0,7.0,6.0,6.0,7.0,6.0,1.25,2,2,4
970,26.333333333333332,7.0,7.0,7.0,7.0,7.0,7.0,7.0,2.75,4,4,4
971,14.166666666666666,6.0,6.0,7.0,6.0,6.0,7.0,6.0,1.5,3,2,4
972,4.0,5.0,5.0,7.0,5.0,5.0,7.0,5.0,1.75,3,2,4
973,20.666666666666668,7.0,7.0,7.0,7.0,7.0,7.0,7.0,1.5,2,3,4
974,16.166666666666668,7.0,6.0,7.0,6.0,7.0,6.0,7.0,1.5,2,1,4
975,16.5,6.0,6.0,7.0,6.0,6.0,7.0,6.0,1.5,3,2,4
976,17.5,5.0,7.0,7.0,7.0,6.0,7.0,5.0,1.25,3,3,4
977,13.0,5.0,6.0,6.0,5.0,6.0,6.0,5.0,2.5,4,2,4
978,14.333333333333334,7.0,6.0,6.0,7.0,6.0,6.0,7.0,2.25,3,2,4
979,11.5,5.0,5.0,6.0,5.0,5.0,6.0,5.0,2.5,4,2,4
980,15.333333333333334,7.0,6.0,7.0,7.0,6.0,7.0,7.0,2.0,3,4,4
981,22.333333333333332,7.0,7.0,7.0,7.0,7.0,7.0,7.0,2.25,4,3,4
982,6.0,5.0,5.0,6.0,5.0,5.0,6.0,5.0,2.0,4,1,4
983,18.333333333333332,7.0,7.0,7.0,7.0,7.0,7.0,7.0,2.0,3,3,4
984,12.666666666666666,5.0,7.0,7.0,7.0,6.0,7.0,5.0,1.75,3,2,4
985,14.0,6.0,6.0,7.0,6.0,6.0,7.0,6.0,2.0,4,3,4
986,12.0,6.0,6.0,6.0,6.0,6.0,6.0,6.0,2.0,3,3,4
987,22.166666666666668,7.0,7.0,7.0,7.0,7.0,7.0,7.0,1.75,3,3,4
988,14.333333333333334,6.0,6.0,7.0,6.0,6.0,7.0,6.0,2.25,4,4,4
989,17.666666666666668,6.0,6.0,7.0,6.0,6.0,7.0,6.0,3.0,4,3,4
990,16.0,6.0,6.0,7.0,6.0,6.0,7.0,6.0,2.5,4,1,4
991,10.333333333333334,5.0,7.0,6.0,5.0,7.0,6.0,5.0,1.75,3,2,4
992,23.666666666666668,7.0,7.0,7.0,7.0,7.0,7.0,7.0,2.25,4,4,4
993,15.666666666666666,6.0,6.0,7.0,6.0,6.0,7.0,6.0,2.0,4,3,4
994,20.333333333333332,6.0,7.0,7.0,6.0,7.0,7.0,6.0,2.5,4,1,4
995,15.666666666666666,7.0,6.0,7.0,6.0,6.0,6.0,7.0,1.5,2,2,4
996,11.666666666666666,6.0,6.0,7.0,6.0,6.0,7.0,6.0,1.75,3,1,4
997,13.333333333333334,6.0,6.0,7.0,6.0,6.0,7.0,6.0,2.5,4,4,4
998,15.333333333333334,6.0,6.0,7.0,6.0,6.0,7.0,6.0,2.0,4,3,4
999,26.333333333333332,7.0,7.0,7.0,7.0,7.0,7.0,7.0,2.25,4,4,4
